$SPEC_ID:
ThO2
$SPEC_REM:
DET# 2
DETDESC# GAMMARAY MCB 25
AP# Maestro Version 5.34
$DATE_MEA:
01/30/2018 15:01:21
$MEAS_TIM:
36 625
$DATA:
0 2047
     194
     233
    2491
   18207
   20931
   17348
   12030
    7603
    4427
    2661
    1914
    1569
    1513
    1472
    1565
    1585
    1611
    1827
    2093
    2296
    2489
    3018
    4502
    7730
   12199
   15496
   16426
   14777
   11814
    8696
    6152
    3791
    2516
    1606
    1357
    1218
    1147
    1116
    1211
    1143
    1189
    1124
    1141
    1211
    1109
    1124
    1186
    1160
    1142
    1169
    1154
    1159
    1162
    1180
    1195
    1202
    1183
    1166
    1174
    1190
    1227
    1175
    1220
    1206
    1199
    1211
    1223
    1216
    1234
    1226
    1222
    1277
    1238
    1239
    1348
    1212
    1321
    1229
    1283
    1299
    1322
    1303
    1211
    1288
    1367
    1276
    1270
    1367
    1292
    1306
    1275
    1267
    1376
    1330
    1339
    1354
    1307
    1356
    1331
    1319
    1353
    1330
    1353
    1321
    1342
    1364
    1402
    1386
    1413
    1381
    1374
    1367
    1376
    1388
    1406
    1449
    1404
    1416
    1463
    1407
    1473
    1390
    1486
    1410
    1366
    1419
    1408
    1484
    1420
    1461
    1438
    1365
    1403
    1491
    1471
    1428
    1386
    1369
    1439
    1529
    1510
    1438
    1433
    1510
    1473
    1518
    1432
    1474
    1524
    1487
    1530
    1551
    1527
    1600
    1507
    1513
    1502
    1458
    1471
    1523
    1561
    1544
    1556
    1537
    1559
    1665
    1597
    1586
    1536
    1549
    1579
    1514
    1603
    1556
    1577
    1599
    1571
    1600
    1561
    1637
    1548
    1505
    1646
    1558
    1625
    1611
    1572
    1604
    1690
    1638
    1594
    1626
    1586
    1625
    1640
    1613
    1621
    1600
    1628
    1609
    1665
    1657
    1676
    1677
    1605
    1632
    1606
    1754
    1576
    1698
    1651
    1546
    1652
    1661
    1668
    1675
    1673
    1627
    1735
    1703
    1745
    1718
    1675
    1664
    1682
    1743
    1726
    1686
    1674
    1734
    1672
    1731
    1730
    1699
    1739
    1765
    1738
    1655
    1740
    1743
    1767
    1726
    1686
    1754
    1755
    1728
    1732
    1766
    1795
    1733
    1673
    1755
    1707
    1799
    1770
    1737
    1851
    1746
    1679
    1846
    1787
    1724
    1729
    1815
    1793
    1821
    1688
    1856
    1831
    1861
    1801
    1713
    1813
    1770
    1764
    1833
    1793
    1804
    1707
    1801
    1815
    1784
    1796
    1751
    1788
    1706
    1909
    1784
    1839
    1758
    1853
    1773
    1784
    1844
    1774
    1862
    1832
    1900
    1822
    1884
    1882
    1837
    1916
    1829
    1902
    1926
    1916
    1917
    1854
    1811
    1905
    1881
    1922
    1851
    1839
    1794
    1918
    1947
    1883
    1852
    2023
    1884
    1913
    1877
    1954
    1990
    1898
    1926
    1957
    1951
    1975
    1986
    1899
    1964
    2033
    1977
    1988
    1993
    1984
    1966
    1912
    1993
    1997
    1971
    1925
    1990
    1976
    2033
    1924
    2063
    1975
    2063
    2057
    1917
    1993
    2094
    1964
    2029
    1985
    1984
    2016
    1986
    2011
    2023
    1980
    1956
    2068
    1919
    2080
    2003
    2081
    2046
    1990
    2022
    2023
    2057
    1954
    2003
    1946
    2056
    1986
    2028
    2058
    2040
    2080
    2072
    1979
    2007
    2042
    1968
    1997
    1972
    2038
    2032
    2021
    2046
    1945
    2104
    2107
    2047
    2040
    2059
    2042
    2041
    1999
    1996
    2018
    2068
    2047
    2069
    2066
    2042
    2093
    2039
    2044
    2024
    2056
    1965
    2039
    2120
    2044
    2047
    2114
    2092
    2028
    2109
    2035
    2010
    2083
    2086
    2046
    2037
    2084
    1972
    2049
    2035
    2033
    1997
    2084
    2079
    2073
    1956
    2057
    2023
    2084
    2052
    2069
    2070
    2007
    2024
    2143
    2095
    2052
    2035
    2070
    2045
    2027
    1999
    2041
    2142
    1989
    2079
    2019
    2101
    2053
    2027
    2037
    2112
    2078
    2131
    2019
    1971
    2102
    2021
    2010
    2106
    2024
    2017
    2071
    2041
    2095
    2079
    2092
    2060
    2101
    2109
    1995
    2050
    2012
    2144
    2125
    2050
    2071
    2118
    2081
    2109
    2078
    2103
    2090
    2021
    2105
    2176
    2050
    2091
    2076
    2092
    2085
    2047
    2140
    2076
    1978
    2072
    2099
    2048
    2083
    2025
    2133
    2000
    2016
    2038
    2042
    2065
    2128
    2052
    2066
    2054
    2080
    2015
    2037
    2077
    2011
    1984
    2053
    2052
    2099
    1967
    2063
    2049
    2057
    2117
    2034
    2020
    2075
    2052
    2017
    2047
    2072
    2067
    1987
    2008
    1956
    1958
    2029
    1968
    2010
    2026
    2001
    2043
    2056
    2022
    1998
    2168
    1977
    1951
    1975
    2007
    2038
    1937
    1935
    2045
    2058
    1942
    2015
    2054
    1945
    2005
    2028
    2000
    2072
    2041
    2030
    2031
    1992
    2036
    1958
    2071
    1950
    2029
    1927
    2015
    2007
    1924
    2035
    2028
    2057
    1935
    1970
    1925
    1970
    2027
    1985
    1966
    1917
    1982
    1980
    1934
    1863
    1988
    1874
    2065
    1885
    1978
    1938
    2032
    1977
    1972
    1928
    1946
    1985
    1889
    1862
    1923
    1963
    1870
    1851
    1972
    1913
    1906
    1920
    1937
    1898
    1931
    1932
    1913
    1960
    1807
    1851
    1899
    1948
    1950
    1896
    1899
    1929
    1975
    1885
    1892
    1913
    1870
    1930
    1876
    1968
    1880
    1916
    1859
    1911
    1879
    1795
    1945
    1795
    1989
    1912
    1816
    1900
    1961
    1846
    1874
    1884
    1832
    1907
    1881
    1845
    1833
    1807
    1844
    1915
    1852
    1869
    1864
    1870
    1947
    1793
    1711
    1816
    1759
    1808
    1827
    1844
    1866
    1811
    1735
    1778
    1839
    1806
    1763
    1799
    1845
    1807
    1857
    1741
    1834
    1828
    1857
    1749
    1851
    1862
    1776
    1794
    1802
    1816
    1857
    1784
    1740
    1787
    1800
    1731
    1760
    1726
    1705
    1753
    1769
    1753
    1756
    1761
    1687
    1816
    1718
    1725
    1784
    1704
    1737
    1675
    1725
    1765
    1709
    1732
    1741
    1746
    1687
    1686
    1715
    1661
    1742
    1677
    1705
    1717
    1703
    1606
    1644
    1648
    1712
    1698
    1677
    1647
    1668
    1666
    1673
    1693
    1635
    1755
    1636
    1711
    1624
    1680
    1658
    1675
    1583
    1563
    1689
    1613
    1677
    1584
    1698
    1644
    1636
    1590
    1560
    1571
    1628
    1593
    1604
    1587
    1701
    1567
    1609
    1551
    1590
    1587
    1530
    1553
    1525
    1528
    1547
    1616
    1570
    1532
    1541
    1572
    1631
    1548
    1603
    1598
    1591
    1526
    1525
    1508
    1520
    1486
    1549
    1498
    1536
    1502
    1481
    1540
    1482
    1515
    1480
    1487
    1400
    1481
    1522
    1538
    1424
    1465
    1449
    1469
    1446
    1357
    1475
    1414
    1503
    1404
    1418
    1513
    1395
    1454
    1409
    1458
    1369
    1412
    1365
    1391
    1376
    1443
    1389
    1425
    1456
    1360
    1404
    1322
    1350
    1322
    1365
    1404
    1355
    1406
    1398
    1390
    1352
    1348
    1327
    1383
    1323
    1407
    1363
    1313
    1359
    1375
    1328
    1325
    1363
    1338
    1381
    1340
    1246
    1329
    1320
    1360
    1333
    1231
    1258
    1284
    1320
    1298
    1332
    1289
    1258
    1253
    1293
    1287
    1242
    1212
    1244
    1309
    1272
    1338
    1199
    1298
    1282
    1293
    1209
    1216
    1224
    1259
    1267
    1194
    1249
    1255
    1203
    1241
    1177
    1229
    1178
    1191
    1201
    1170
    1176
    1192
    1144
    1190
    1176
    1173
    1225
    1205
    1190
    1185
    1119
    1123
    1162
    1196
    1172
    1090
    1127
    1221
    1174
    1154
    1099
    1152
    1078
    1127
    1161
    1128
    1066
    1107
    1095
    1111
    1113
    1121
    1077
    1111
    1075
    1029
    1116
    1076
    1021
    1084
    1028
    1045
    1048
    1053
    1036
    1074
    1095
    1064
    1051
    1035
    1004
     992
     998
    1014
    1036
     999
     944
     982
    1026
     993
     993
     996
     993
     979
    1018
     977
     919
     984
     988
     958
     976
     908
     931
     957
     928
     899
     912
     984
     943
     904
     981
     939
     885
     954
     907
     953
     921
     951
     915
     890
     933
     893
     874
     847
     895
     892
     936
     876
     868
     840
     888
     830
     844
     867
     800
     873
     835
     815
     867
     783
     843
     784
     830
     879
     855
     848
     848
     797
     759
     817
     852
     812
     758
     791
     835
     820
     773
     836
     837
     840
     744
     762
     766
     760
     747
     724
     789
     758
     765
     738
     787
     765
     756
     746
     751
     749
     708
     693
     748
     722
     679
     726
     669
     718
     728
     708
     673
     708
     687
     693
     699
     696
     677
     661
     667
     681
     621
     664
     703
     612
     673
     629
     606
     696
     649
     623
     630
     650
     648
     603
     626
     615
     588
     649
     570
     606
     632
     585
     546
     590
     627
     599
     585
     586
     586
     622
     580
     602
     608
     589
     593
     575
     543
     575
     526
     541
     529
     558
     528
     539
     545
     510
     564
     532
     558
     496
     504
     563
     524
     464
     495
     503
     523
     525
     468
     477
     510
     504
     489
     464
     536
     510
     448
     465
     484
     450
     451
     457
     469
     418
     486
     479
     485
     426
     406
     444
     440
     444
     463
     409
     432
     406
     462
     425
     432
     396
     415
     410
     405
     427
     440
     409
     431
     407
     392
     405
     411
     380
     377
     330
     387
     386
     348
     358
     377
     369
     369
     368
     333
     368
     390
     353
     351
     331
     369
     357
     343
     346
     323
     361
     356
     319
     314
     367
     321
     314
     346
     334
     308
     291
     282
     305
     317
     300
     309
     302
     258
     312
     287
     283
     288
     293
     307
     265
     280
     284
     285
     297
     278
     241
     261
     237
     260
     267
     262
     259
     264
     285
     205
     262
     236
     235
     237
     237
     239
     227
     228
     243
     228
     220
     233
     206
     250
     221
     224
     234
     212
     236
     197
     206
     195
     187
     193
     193
     174
     210
     189
     218
     192
     170
     171
     196
     183
     187
     165
     169
     174
     176
     185
     162
     169
     177
     152
     153
     153
     164
     162
     172
     153
     138
     141
     131
     163
     147
     147
     123
     150
     142
     148
     146
     147
     132
     144
     127
     118
     134
     123
     111
     136
     102
      93
     113
     103
     110
     107
     113
      96
     130
     108
     113
     106
     100
     109
      94
     107
      89
     102
      91
      87
      91
      78
     108
      86
      94
      95
      67
      82
      76
      75
      78
      77
      87
      82
      79
      76
      70
      63
      81
      71
      74
      63
      68
      71
      54
      86
      55
      40
      55
      59
      57
      54
      61
      54
      50
      66
      45
      49
      51
      58
      56
      45
      39
      42
      44
      38
      32
      35
      41
      38
      37
      35
      33
      31
      44
      28
      37
      40
      47
      34
      32
      25
      27
      36
      38
      37
      31
      26
      24
      25
      34
      12
      29
      27
      20
      29
      15
      22
      12
      16
      21
      14
      17
      21
      19
      17
      20
      11
      29
      15
      16
       9
      15
      19
      12
      14
      17
      18
      22
      11
       9
       8
      12
      10
      13
       6
      11
      12
      14
      15
      13
       7
      14
      15
       9
       8
      11
       5
       9
      12
       3
       6
       8
      10
       5
       8
       6
       4
       7
       1
       9
      12
       9
      11
      13
       6
       5
       4
       8
       9
       4
       8
       4
       7
       1
       5
       7
       8
       8
       8
       9
       6
       2
       6
       9
      10
       9
       5
       8
       6
       4
       1
       5
       7
       5
       7
       5
       6
       6
       4
       4
       5
       4
       7
       3
       4
       6
       2
       9
       8
       6
       5
       4
       7
       6
       2
       4
       6
       3
       4
       9
       4
       2
       2
       5
       3
       5
       4
       5
       7
       3
       8
       5
       5
       3
       5
       3
       4
       5
       8
       8
       4
       3
       8
       6
       3
       5
       4
       5
       3
       5
       3
       7
       6
       8
       7
       6
       1
       3
       3
       3
       3
       7
       4
       3
       4
       2
       4
       4
       3
       4
       6
       4
       9
       6
       4
       9
       4
       3
       1
       4
       3
       5
       5
       5
       5
      10
       5
       4
       4
       3
       3
       3
       6
       4
       5
       4
       9
       5
       2
       5
       5
       5
       1
       0
       7
       4
       3
       6
       4
       1
       8
       4
       7
       5
       3
       8
       4
      10
       6
       5
       6
       1
       7
       1
       4
       4
       2
       6
       3
       4
       0
       2
       0
       1
       8
       5
       0
       4
       6
       4
       4
       9
       3
       3
       5
       5
       3
       7
       3
       4
       5
      10
       2
       5
       2
       2
       1
       3
       6
       2
       4
       2
       7
      10
       2
       5
       4
       3
       5
       2
       4
       3
       7
       4
       3
       4
       6
       4
       4
       3
       2
       3
       5
       2
       5
       2
       2
       6
       2
       3
       1
       4
       3
       6
       3
       4
       2
       2
       4
       3
       3
       7
       2
       1
       4
       4
       2
       4
       7
       0
       3
       1
       2
       1
       6
       4
       1
       2
       5
       2
       4
       2
       3
       4
       2
       1
       3
       2
       5
       3
       2
       4
       2
       5
       3
       4
       6
       4
       5
       1
       0
       5
       2
       1
       3
       1
       5
       1
       5
       2
       4
       3
       4
       1
       4
       2
       4
       3
       3
       2
       2
       1
       2
       2
       3
       1
       6
       1
       3
       2
       2
       2
       1
       4
       2
       3
       4
       3
       1
       1
       3
       0
       3
       2
       4
       5
       2
       0
       3
       0
       4
       4
       4
       1
       4
       0
       5
       3
       1
       5
       1
       2
       4
       1
       4
       7
       0
       2
       4
       1
       5
       4
       9
       5
       0
       1
       3
       3
       5
       3
       1
       4
       5
       1
       3
       2
       2
       4
       2
       5
       4
       3
       1
       3
       3
       0
       1
       3
       4
       2
       0
       2
       2
       2
       5
       1
       2
       2
       2
       1
       1
       4
       5
       2
       2
       1
       1
       2
       3
       2
       2
       1
       2
       1
       4
       2
       1
       1
       0
       2
       2
       0
       1
       1
       2
       1
       2
       6
       2
       1
       5
       3
       4
       2
       3
       3
       4
       0
       2
       2
       2
       3
       4
       2
       1
       5
       0
       3
       1
       2
       1
       2
       2
       6
       6
       5
       0
       6
       3
       3
       2
       3
       3
       1
       3
       1
       1
       0
       3
       4
       2
       3
       3
       1
       3
       3
       5
       3
       1
       2
       5
       1
       1
       4
       4
       2
       2
       1
       1
       3
       3
       2
       1
       6
       1
       5
       1
       2
       3
       7
       5
       4
       0
       6
       1
       4
       2
       3
       2
       4
       4
       2
       0
       2
       5
       1
       3
       7
       3
       7
       5
       3
       4
       3
       2
       2
       2
       1
       4
       2
       2
       1
       3
       5
       2
       6
       4
       3
       2
       8
       4
       1
       3
       4
       4
       5
       5
      46
      42
      34
      40
      41
      44
      34
      35
      42
      43
      41
      34
      36
      47
      23
      34
      38
      38
      28
      39
      44
      41
      33
      42
      38
      33
      32
      39
      41
      47
      37
      35
      34
      31
      23
      35
      31
      38
      25
      14
      35
      49
     101
     150
     196
     234
$ROI:
0
$PRESETS:
None
0
0
$ENER_FIT:
0.000000 0.000000
$MCA_CAL:
3
0.000000E+000 0.000000E+000 0.000000E+000
$SHAPE_CAL:
3
0.000000E+000 0.000000E+000 0.000000E+000
