$SPEC_ID:
ThO2
$SPEC_REM:
DET# 2
DETDESC# GAMMARAY MCB 25
AP# Maestro Version 5.34
$DATE_MEA:
01/30/2018 15:01:21
$MEAS_TIM:
51 910
$DATA:
0 2047
     254
     302
    3833
   28015
   30686
   24167
   15706
    9581
    5542
    3365
    2457
    2086
    2020
    1977
    2113
    2153
    2180
    2464
    2794
    3045
    3385
    4104
    6154
   10661
   17128
   21876
   23081
   20561
   16143
   11611
    7946
    4965
    3260
    2172
    1812
    1665
    1538
    1518
    1596
    1577
    1590
    1559
    1564
    1649
    1510
    1527
    1622
    1585
    1562
    1593
    1603
    1582
    1603
    1652
    1637
    1649
    1633
    1625
    1632
    1639
    1706
    1614
    1650
    1650
    1656
    1662
    1716
    1679
    1713
    1701
    1683
    1748
    1727
    1730
    1809
    1670
    1824
    1640
    1774
    1766
    1771
    1742
    1667
    1750
    1863
    1768
    1748
    1874
    1780
    1766
    1761
    1750
    1900
    1835
    1818
    1847
    1810
    1829
    1822
    1797
    1849
    1804
    1864
    1829
    1865
    1903
    1921
    1859
    1905
    1842
    1900
    1859
    1875
    1864
    1911
    1977
    1927
    1940
    1967
    1916
    1962
    1895
    2013
    1949
    1912
    1939
    1981
    2007
    1936
    1997
    1979
    1934
    1951
    2003
    2020
    1957
    1986
    1876
    1988
    2047
    2036
    1936
    1993
    2055
    2027
    2074
    1999
    2021
    2071
    2032
    2140
    2106
    2079
    2158
    2061
    2097
    2084
    1972
    2015
    2095
    2097
    2136
    2145
    2110
    2139
    2235
    2168
    2153
    2098
    2169
    2141
    2079
    2155
    2129
    2176
    2190
    2174
    2199
    2169
    2241
    2138
    2115
    2243
    2193
    2201
    2200
    2164
    2154
    2306
    2289
    2237
    2229
    2181
    2206
    2258
    2205
    2180
    2182
    2233
    2154
    2291
    2290
    2286
    2309
    2200
    2267
    2177
    2380
    2193
    2316
    2278
    2198
    2296
    2271
    2270
    2266
    2265
    2217
    2373
    2301
    2343
    2339
    2296
    2308
    2292
    2345
    2350
    2313
    2266
    2388
    2321
    2417
    2372
    2338
    2311
    2364
    2397
    2297
    2358
    2383
    2397
    2380
    2267
    2402
    2413
    2416
    2381
    2413
    2431
    2359
    2311
    2410
    2385
    2412
    2427
    2366
    2565
    2362
    2313
    2489
    2437
    2387
    2334
    2455
    2457
    2440
    2319
    2520
    2504
    2534
    2426
    2367
    2456
    2451
    2431
    2494
    2448
    2487
    2377
    2475
    2438
    2440
    2480
    2418
    2481
    2379
    2581
    2452
    2514
    2410
    2481
    2393
    2495
    2516
    2463
    2549
    2487
    2568
    2560
    2559
    2520
    2511
    2552
    2476
    2591
    2619
    2571
    2592
    2540
    2495
    2639
    2547
    2641
    2566
    2516
    2506
    2619
    2647
    2579
    2510
    2688
    2566
    2677
    2567
    2673
    2662
    2590
    2660
    2710
    2632
    2675
    2700
    2650
    2713
    2759
    2699
    2697
    2713
    2721
    2681
    2624
    2729
    2673
    2696
    2670
    2720
    2688
    2730
    2676
    2783
    2664
    2838
    2787
    2677
    2734
    2796
    2694
    2775
    2707
    2767
    2760
    2703
    2779
    2788
    2683
    2711
    2805
    2615
    2899
    2743
    2828
    2807
    2734
    2739
    2773
    2803
    2703
    2700
    2687
    2812
    2790
    2749
    2857
    2780
    2857
    2821
    2715
    2764
    2816
    2724
    2752
    2711
    2749
    2820
    2773
    2776
    2710
    2852
    2885
    2777
    2793
    2816
    2720
    2816
    2717
    2713
    2805
    2790
    2829
    2801
    2803
    2783
    2818
    2773
    2815
    2771
    2816
    2714
    2838
    2883
    2764
    2754
    2852
    2865
    2818
    2874
    2776
    2755
    2850
    2841
    2802
    2770
    2860
    2746
    2782
    2806
    2820
    2745
    2842
    2813
    2808
    2746
    2817
    2772
    2835
    2833
    2810
    2835
    2783
    2729
    2930
    2869
    2805
    2772
    2843
    2807
    2811
    2724
    2819
    2886
    2773
    2841
    2780
    2809
    2831
    2769
    2817
    2902
    2913
    2892
    2803
    2732
    2845
    2817
    2731
    2844
    2752
    2774
    2874
    2786
    2881
    2834
    2867
    2847
    2891
    2885
    2739
    2824
    2733
    2892
    2892
    2757
    2820
    2904
    2843
    2849
    2842
    2888
    2830
    2774
    2835
    2917
    2851
    2840
    2842
    2843
    2828
    2831
    2907
    2779
    2712
    2791
    2879
    2809
    2876
    2750
    2834
    2744
    2745
    2802
    2835
    2806
    2903
    2781
    2846
    2845
    2822
    2758
    2782
    2850
    2713
    2771
    2864
    2866
    2865
    2752
    2840
    2749
    2842
    2866
    2782
    2757
    2816
    2833
    2789
    2810
    2838
    2808
    2749
    2732
    2704
    2690
    2793
    2762
    2784
    2830
    2773
    2792
    2822
    2719
    2731
    2983
    2735
    2740
    2746
    2741
    2766
    2677
    2651
    2806
    2795
    2691
    2770
    2791
    2714
    2745
    2753
    2754
    2817
    2808
    2781
    2781
    2706
    2772
    2679
    2855
    2693
    2777
    2633
    2736
    2745
    2711
    2726
    2752
    2815
    2657
    2736
    2676
    2693
    2768
    2710
    2675
    2629
    2682
    2663
    2674
    2556
    2739
    2606
    2786
    2644
    2724
    2632
    2715
    2709
    2690
    2640
    2656
    2731
    2589
    2598
    2652
    2694
    2588
    2570
    2673
    2612
    2636
    2634
    2637
    2631
    2659
    2640
    2657
    2667
    2525
    2607
    2631
    2687
    2647
    2603
    2619
    2611
    2643
    2638
    2595
    2613
    2597
    2659
    2582
    2677
    2542
    2577
    2549
    2580
    2582
    2527
    2650
    2500
    2729
    2604
    2472
    2619
    2627
    2545
    2594
    2601
    2509
    2629
    2566
    2556
    2515
    2514
    2498
    2599
    2468
    2553
    2577
    2585
    2587
    2419
    2435
    2479
    2434
    2450
    2506
    2546
    2539
    2494
    2407
    2464
    2501
    2482
    2429
    2472
    2542
    2460
    2570
    2426
    2478
    2541
    2548
    2415
    2491
    2558
    2428
    2460
    2488
    2502
    2514
    2414
    2384
    2466
    2461
    2417
    2388
    2366
    2390
    2417
    2444
    2406
    2391
    2386
    2351
    2502
    2359
    2364
    2411
    2384
    2338
    2354
    2400
    2409
    2342
    2348
    2435
    2390
    2368
    2299
    2333
    2302
    2381
    2326
    2356
    2324
    2323
    2253
    2290
    2315
    2341
    2346
    2321
    2287
    2321
    2300
    2319
    2326
    2227
    2397
    2247
    2304
    2210
    2299
    2245
    2273
    2235
    2165
    2332
    2185
    2306
    2183
    2322
    2257
    2279
    2199
    2120
    2166
    2247
    2200
    2251
    2179
    2326
    2176
    2196
    2127
    2195
    2174
    2106
    2135
    2108
    2119
    2165
    2189
    2146
    2107
    2107
    2151
    2168
    2126
    2153
    2254
    2150
    2105
    2059
    2066
    2061
    2077
    2097
    2071
    2121
    2074
    2042
    2067
    2115
    2096
    2023
    2049
    1968
    2047
    2144
    2102
    1960
    2031
    2016
    2034
    1972
    1910
    2062
    1961
    2034
    1935
    1949
    2049
    1945
    1961
    1935
    2003
    1955
    1961
    1920
    1928
    1905
    1947
    1900
    1995
    2004
    1834
    1931
    1832
    1856
    1884
    1852
    1990
    1854
    1917
    1909
    1925
    1879
    1868
    1813
    1888
    1819
    1946
    1833
    1812
    1811
    1900
    1807
    1796
    1868
    1806
    1896
    1828
    1696
    1860
    1850
    1826
    1833
    1739
    1732
    1795
    1802
    1785
    1798
    1800
    1739
    1743
    1782
    1776
    1712
    1645
    1697
    1766
    1723
    1794
    1718
    1776
    1757
    1773
    1725
    1678
    1711
    1761
    1727
    1636
    1725
    1717
    1657
    1724
    1642
    1700
    1611
    1608
    1678
    1619
    1624
    1636
    1578
    1671
    1623
    1626
    1640
    1606
    1625
    1611
    1569
    1529
    1550
    1650
    1657
    1497
    1572
    1654
    1601
    1606
    1524
    1576
    1534
    1540
    1598
    1535
    1509
    1538
    1532
    1510
    1529
    1561
    1533
    1534
    1506
    1387
    1526
    1483
    1416
    1506
    1454
    1450
    1452
    1489
    1452
    1470
    1508
    1452
    1437
    1410
    1401
    1408
    1401
    1411
    1414
    1404
    1323
    1356
    1389
    1386
    1369
    1373
    1350
    1344
    1392
    1379
    1291
    1349
    1366
    1325
    1352
    1291
    1297
    1326
    1264
    1274
    1296
    1344
    1307
    1283
    1325
    1278
    1221
    1281
    1289
    1306
    1301
    1332
    1267
    1258
    1284
    1209
    1212
    1214
    1245
    1207
    1282
    1244
    1210
    1207
    1226
    1158
    1155
    1199
    1147
    1183
    1191
    1125
    1183
    1101
    1198
    1088
    1120
    1211
    1175
    1171
    1150
    1099
    1064
    1121
    1150
    1130
    1039
    1057
    1146
    1131
    1075
    1100
    1134
    1174
    1037
    1056
    1051
    1113
    1051
    1013
    1073
    1058
    1086
    1032
    1112
    1085
    1020
    1036
    1012
     980
    1029
     996
    1036
    1027
     958
    1011
     951
     985
    1010
     970
     927
     977
     941
     975
     948
     973
     925
     912
     937
     927
     880
     937
     934
     880
     938
     865
     850
     949
     925
     865
     879
     917
     900
     845
     909
     876
     820
     908
     782
     840
     883
     822
     799
     834
     838
     831
     797
     839
     827
     820
     796
     818
     845
     802
     799
     819
     757
     774
     737
     752
     742
     742
     737
     752
     772
     702
     782
     736
     783
     693
     698
     766
     708
     674
     697
     709
     726
     707
     641
     658
     704
     694
     678
     648
     736
     698
     617
     651
     640
     627
     636
     645
     655
     596
     659
     658
     662
     603
     588
     635
     641
     577
     623
     582
     589
     581
     635
     594
     587
     564
     589
     561
     567
     582
     585
     575
     595
     577
     551
     554
     560
     544
     532
     467
     566
     538
     480
     513
     554
     526
     503
     490
     465
     522
     535
     483
     477
     469
     501
     495
     483
     494
     450
     500
     496
     472
     438
     487
     471
     449
     474
     472
     426
     423
     411
     445
     420
     436
     452
     412
     406
     424
     412
     414
     408
     400
     422
     387
     410
     399
     394
     403
     394
     351
     363
     338
     366
     360
     391
     366
     368
     372
     309
     363
     329
     331
     338
     333
     338
     318
     314
     337
     332
     323
     321
     291
     355
     297
     307
     317
     298
     309
     266
     299
     289
     281
     260
     265
     250
     281
     276
     299
     262
     234
     262
     287
     259
     264
     234
     256
     243
     246
     244
     249
     230
     245
     213
     227
     220
     228
     229
     233
     226
     201
     202
     191
     221
     208
     196
     173
     216
     198
     216
     198
     199
     183
     199
     182
     166
     194
     179
     177
     197
     144
     149
     154
     146
     148
     175
     166
     141
     179
     143
     162
     142
     136
     149
     137
     134
     134
     131
     129
     133
     129
     117
     155
     121
     132
     134
     104
     126
     112
     113
     116
     123
     132
     116
     116
     119
     103
      91
     108
      97
      96
      89
      94
     104
      80
     109
      82
      71
      86
      94
      76
      76
      89
      80
      79
      87
      66
      78
      71
      74
      65
      68
      59
      64
      57
      65
      57
      46
      57
      63
      63
      56
      64
      43
      65
      42
      50
      51
      70
      50
      49
      42
      36
      55
      60
      51
      52
      36
      38
      30
      50
      27
      46
      38
      32
      45
      27
      34
      19
      27
      33
      21
      27
      27
      25
      23
      28
      17
      37
      18
      24
      15
      20
      26
      23
      25
      24
      24
      31
      20
      15
      14
      18
      17
      19
      10
      15
      18
      19
      24
      17
      12
      17
      20
      13
      17
      14
      12
      10
      14
       6
      14
      11
      12
       7
      10
       8
       7
      12
       2
      12
      14
      12
      15
      16
      10
       7
       8
       9
      11
       6
      11
       5
       8
       5
       9
       8
      10
      10
      12
      11
       9
       5
       6
      12
      12
      12
       7
      12
       6
       6
       4
       6
      10
       8
       8
       7
       8
       7
       4
       7
       5
       4
       8
       4
       8
       9
       5
      12
      10
      11
      10
       6
       8
       8
       4
       8
       9
       5
       6
      13
       8
       3
       5
       8
       5
      11
       8
       8
       9
       5
       9
      13
       5
       5
       6
       7
       6
       7
      13
       9
       6
       6
      10
       7
       6
       6
       6
       6
       7
       6
       8
      11
      10
       9
       9
       7
       2
       7
       4
       5
       4
       9
       6
       3
       6
       3
       6
       4
       4
       5
       8
       6
       9
       8
       4
       9
       5
       6
       3
       6
       3
       6
       5
       7
       5
      12
       8
       5
       6
       3
       6
       3
       9
       4
       6
       4
      10
       8
       2
       5
       6
       7
       3
       1
       8
       9
       6
       9
       6
       3
       9
       5
       8
       6
       3
      11
       4
      11
      12
       7
       7
       2
       7
       4
       5
       5
       3
       8
       7
       5
       5
       6
       2
       2
       9
       5
       1
       8
       9
       5
       6
      10
       3
       4
       7
       5
       5
       9
       4
       6
       5
      10
       2
       6
       4
       6
       2
       8
       8
       3
       6
       4
       7
      11
       4
       6
       5
       6
       6
       3
       8
       3
      11
       5
       5
       8
       7
       4
       6
       6
       4
       3
       5
       3
       6
       4
       3
       8
       2
       6
       4
       5
       4
       8
       3
       7
       3
       3
       4
       3
       3
       7
       3
       1
       6
       4
       3
       5
       9
       0
       3
       2
       4
       1
       7
       4
       3
       3
       6
       4
       5
       2
       4
       7
       3
       1
       3
       2
       5
       3
       3
       5
       3
       6
       5
       5
       7
       5
       5
       2
       0
       6
       3
       1
       7
       2
       5
       3
       6
       2
       5
       6
       5
       1
       4
       3
       4
       3
       4
       2
       4
       2
       3
       2
       5
       3
       7
       3
       3
       3
       2
       2
       2
       5
       4
       3
       7
       5
       3
       2
       3
       2
       3
       2
       6
       9
       3
       0
       4
       1
       4
       5
       4
       2
       4
       1
       5
       4
       2
       6
       2
       3
       4
       4
       7
       9
       0
       4
       4
       1
       8
       6
       9
       7
       0
       2
       3
       4
       7
       4
       1
       6
       6
       3
       3
       4
       4
       5
       3
       6
       5
       4
       2
       4
       5
       1
       2
       3
       5
       4
       0
       2
       4
       3
       9
       2
       2
       5
       2
       3
       4
       6
       7
       4
       3
       2
       2
       4
       4
       2
       2
       4
       2
       2
       5
       3
       1
       1
       0
       5
       5
       1
       1
       4
       3
       2
       4
       7
       6
       2
       6
       3
       5
       4
       4
       4
       5
       1
       2
       2
       3
       3
       6
       4
       1
       5
       1
       3
       2
       2
       2
       2
       3
       7
       9
       7
       2
       8
       4
       4
       2
       3
       6
       1
       4
       1
       1
       4
       5
       5
       3
       5
       5
       2
       5
       5
       7
       4
       2
       4
       8
       2
       1
       4
       5
       4
       2
       1
       3
       3
       4
       3
       2
      10
       1
       5
       3
       4
       4
       9
       5
       7
       3
       8
       1
       4
       6
       3
       3
       5
       4
       4
       2
       4
       8
       1
       4
      10
       3
      10
       6
       3
       5
       5
       5
       2
       3
       3
       5
       2
       4
       4
       5
       8
       6
       9
       8
       3
       2
       9
       7
       2
       5
       5
       5
       5
       7
      63
      67
      51
      56
      56
      62
      45
      59
      51
      63
      56
      49
      52
      64
      42
      53
      60
      56
      46
      57
      60
      61
      56
      62
      49
      59
      45
      56
      61
      61
      53
      54
      48
      39
      41
      50
      47
      52
      44
      34
      52
      77
     138
     203
     249
     314
$ROI:
0
$PRESETS:
None
0
0
$ENER_FIT:
0.000000 0.000000
$MCA_CAL:
3
0.000000E+000 0.000000E+000 0.000000E+000
$SHAPE_CAL:
3
0.000000E+000 0.000000E+000 0.000000E+000
