$SPEC_ID:
ThO2
$SPEC_REM:
DET# 2
DETDESC# GAMMARAY MCB 25
AP# Maestro Version 5.34
$DATE_MEA:
01/30/2018 15:01:21
$MEAS_TIM:
82 1524
$DATA:
0 2047
     339
     401
    6777
   48524
   48044
   33847
   20414
   11833
    6852
    4361
    3373
    2931
    2890
    2853
    3040
    3086
    3212
    3551
    3987
    4331
    4741
    5928
    9136
   16571
   27051
   34928
   36029
   30775
   23112
   15897
   10464
    6500
    4305
    2965
    2568
    2398
    2268
    2223
    2363
    2341
    2391
    2330
    2360
    2403
    2291
    2282
    2378
    2345
    2306
    2346
    2415
    2373
    2389
    2489
    2389
    2397
    2434
    2449
    2487
    2415
    2483
    2409
    2476
    2480
    2486
    2484
    2579
    2483
    2536
    2477
    2530
    2581
    2602
    2543
    2598
    2529
    2632
    2496
    2628
    2551
    2634
    2577
    2495
    2579
    2729
    2626
    2621
    2723
    2667
    2655
    2635
    2599
    2772
    2708
    2702
    2645
    2687
    2748
    2682
    2694
    2750
    2672
    2735
    2725
    2798
    2831
    2796
    2755
    2778
    2765
    2769
    2773
    2787
    2760
    2842
    2922
    2790
    2828
    2870
    2823
    2908
    2810
    2946
    2910
    2816
    2886
    2862
    2989
    2936
    2938
    2890
    2884
    2914
    2946
    2962
    2919
    2950
    2811
    2924
    3076
    3030
    2844
    2976
    2958
    3043
    2989
    2980
    2987
    3061
    3054
    3100
    3055
    3047
    3162
    3089
    3076
    3130
    2940
    3018
    3063
    3162
    3140
    3075
    3143
    3141
    3174
    3229
    3207
    3105
    3238
    3136
    3096
    3151
    3192
    3245
    3189
    3181
    3202
    3212
    3273
    3166
    3154
    3280
    3254
    3232
    3207
    3240
    3179
    3366
    3344
    3309
    3246
    3237
    3265
    3327
    3275
    3215
    3244
    3300
    3175
    3363
    3400
    3347
    3389
    3351
    3329
    3218
    3521
    3195
    3397
    3371
    3315
    3396
    3341
    3395
    3369
    3428
    3298
    3469
    3382
    3443
    3541
    3408
    3412
    3417
    3445
    3407
    3397
    3364
    3440
    3439
    3533
    3480
    3478
    3439
    3567
    3506
    3470
    3465
    3521
    3528
    3477
    3369
    3479
    3532
    3514
    3528
    3596
    3603
    3483
    3453
    3560
    3536
    3583
    3538
    3477
    3743
    3497
    3404
    3614
    3605
    3552
    3534
    3607
    3615
    3662
    3440
    3630
    3658
    3681
    3612
    3540
    3616
    3582
    3612
    3656
    3648
    3684
    3572
    3655
    3630
    3645
    3610
    3607
    3659
    3531
    3777
    3673
    3729
    3613
    3615
    3635
    3689
    3760
    3652
    3752
    3656
    3766
    3781
    3745
    3742
    3781
    3784
    3699
    3841
    3817
    3776
    3796
    3785
    3720
    3889
    3794
    3896
    3843
    3769
    3760
    3820
    3918
    3852
    3829
    3947
    3788
    3966
    3806
    3886
    3980
    3896
    3947
    4059
    3933
    3933
    3965
    3958
    3982
    4053
    3931
    3992
    3963
    4004
    3946
    3900
    4041
    4020
    3980
    3966
    4001
    3969
    4076
    3902
    4071
    3921
    4147
    4050
    3966
    4051
    4124
    4027
    4076
    4094
    4058
    4089
    3933
    4067
    4082
    3955
    4075
    4114
    3898
    4133
    4092
    4128
    4088
    3987
    4045
    4075
    4127
    4073
    3953
    4015
    4133
    4086
    4052
    4202
    4061
    4160
    4229
    4019
    4098
    4134
    4082
    4130
    4033
    4107
    4140
    4132
    4079
    3985
    4165
    4225
    4109
    4112
    4165
    4067
    4190
    4011
    4052
    4118
    4147
    4203
    4154
    4103
    4085
    4119
    4100
    4244
    4121
    4178
    4080
    4215
    4221
    4119
    4075
    4204
    4234
    4153
    4288
    4080
    4131
    4182
    4214
    4125
    4067
    4143
    4002
    4153
    4123
    4151
    4071
    4223
    4124
    4197
    4038
    4147
    4068
    4163
    4154
    4146
    4083
    4187
    4069
    4268
    4177
    4113
    4141
    4246
    4133
    4191
    4038
    4166
    4225
    4181
    4212
    4133
    4216
    4172
    4083
    4157
    4292
    4229
    4301
    4083
    4048
    4218
    4170
    4079
    4228
    4068
    4090
    4279
    4166
    4298
    4157
    4215
    4153
    4209
    4278
    4053
    4200
    4106
    4236
    4286
    4109
    4166
    4236
    4197
    4183
    4198
    4240
    4166
    4277
    4258
    4210
    4167
    4161
    4142
    4208
    4194
    4213
    4200
    4091
    4052
    4176
    4206
    4227
    4182
    4100
    4126
    4178
    4195
    4156
    4222
    4190
    4272
    4089
    4209
    4182
    4194
    4123
    4174
    4216
    4104
    4135
    4134
    4145
    4163
    4057
    4127
    4052
    4186
    4276
    4150
    4156
    4045
    4215
    4130
    4097
    4176
    4160
    4134
    4077
    4095
    4086
    4064
    4040
    4093
    4205
    4078
    4105
    4156
    4041
    4072
    4256
    4036
    4104
    4059
    4063
    4087
    4029
    3980
    4212
    4086
    4025
    4073
    4105
    4086
    4040
    4047
    4070
    4157
    4112
    4021
    4082
    4009
    4144
    4052
    4186
    4025
    4093
    3930
    4040
    4069
    4029
    4010
    4080
    4073
    3948
    4063
    3999
    4084
    4112
    3974
    3957
    3901
    4005
    3933
    3924
    3841
    4068
    3911
    4108
    3980
    4031
    3944
    3996
    4011
    3945
    3898
    3948
    4031
    3878
    3879
    3943
    3975
    3841
    3855
    3970
    3899
    3948
    3886
    3943
    3866
    3973
    3923
    3884
    3921
    3769
    3886
    3935
    3975
    3913
    3819
    3893
    3902
    3894
    3881
    3827
    3902
    3842
    3929
    3859
    3847
    3837
    3861
    3797
    3855
    3879
    3801
    3903
    3788
    4001
    3846
    3701
    3853
    3820
    3843
    3868
    3859
    3726
    3837
    3812
    3719
    3765
    3743
    3682
    3844
    3602
    3832
    3865
    3803
    3862
    3609
    3651
    3757
    3597
    3638
    3700
    3815
    3734
    3654
    3658
    3670
    3690
    3679
    3662
    3667
    3768
    3683
    3716
    3600
    3671
    3724
    3732
    3599
    3740
    3785
    3670
    3583
    3729
    3626
    3642
    3642
    3559
    3604
    3713
    3578
    3549
    3556
    3549
    3577
    3627
    3563
    3554
    3567
    3548
    3794
    3550
    3465
    3477
    3526
    3492
    3536
    3535
    3536
    3518
    3474
    3570
    3533
    3455
    3389
    3453
    3376
    3549
    3450
    3418
    3422
    3449
    3381
    3407
    3450
    3472
    3501
    3445
    3333
    3381
    3400
    3397
    3406
    3337
    3489
    3377
    3398
    3364
    3435
    3348
    3332
    3326
    3213
    3408
    3299
    3451
    3270
    3373
    3353
    3331
    3273
    3232
    3283
    3350
    3279
    3307
    3217
    3372
    3298
    3244
    3188
    3265
    3206
    3180
    3162
    3163
    3163
    3198
    3227
    3201
    3171
    3138
    3197
    3156
    3133
    3164
    3324
    3172
    3126
    3078
    3124
    3022
    3071
    3071
    3072
    3119
    3056
    3104
    3101
    3175
    3097
    3057
    3100
    2981
    3064
    3148
    3102
    2926
    3026
    3016
    3005
    2923
    2873
    3028
    2935
    2942
    2888
    2948
    2998
    2935
    2908
    2883
    2970
    2928
    2922
    2897
    2850
    2926
    2908
    2843
    2971
    2950
    2830
    2885
    2783
    2822
    2820
    2764
    2911
    2741
    2889
    2916
    2851
    2782
    2812
    2712
    2815
    2725
    2840
    2743
    2717
    2702
    2842
    2702
    2708
    2794
    2702
    2842
    2692
    2672
    2717
    2720
    2742
    2693
    2584
    2639
    2673
    2676
    2682
    2665
    2643
    2611
    2615
    2640
    2700
    2641
    2469
    2542
    2681
    2585
    2686
    2608
    2596
    2617
    2617
    2617
    2528
    2533
    2671
    2595
    2491
    2533
    2558
    2503
    2528
    2471
    2521
    2458
    2386
    2502
    2376
    2431
    2443
    2373
    2451
    2397
    2366
    2449
    2378
    2426
    2421
    2336
    2295
    2315
    2431
    2450
    2250
    2344
    2435
    2420
    2357
    2290
    2376
    2261
    2263
    2397
    2300
    2222
    2340
    2316
    2280
    2300
    2298
    2253
    2265
    2229
    2118
    2229
    2185
    2130
    2244
    2197
    2161
    2171
    2221
    2142
    2194
    2223
    2172
    2141
    2099
    2179
    2132
    2068
    2095
    2126
    2073
    1992
    1988
    2078
    2064
    2039
    2093
    1992
    2031
    2062
    2040
    1958
    2010
    2055
    1929
    2020
    1957
    1983
    1966
    1911
    1926
    1953
    2002
    2015
    1910
    1942
    1948
    1848
    1895
    1925
    1948
    1943
    1927
    1885
    1922
    1884
    1860
    1779
    1815
    1864
    1801
    1855
    1826
    1790
    1809
    1782
    1760
    1741
    1791
    1750
    1764
    1817
    1747
    1783
    1735
    1751
    1712
    1684
    1791
    1778
    1759
    1718
    1705
    1662
    1680
    1639
    1736
    1621
    1614
    1694
    1690
    1635
    1631
    1704
    1735
    1595
    1633
    1570
    1654
    1584
    1535
    1654
    1596
    1609
    1506
    1629
    1583
    1515
    1575
    1523
    1497
    1511
    1506
    1502
    1566
    1436
    1485
    1454
    1477
    1511
    1501
    1445
    1484
    1434
    1457
    1449
    1485
    1406
    1390
    1386
    1382
    1332
    1401
    1409
    1331
    1356
    1332
    1309
    1419
    1399
    1297
    1355
    1327
    1350
    1296
    1344
    1310
    1270
    1365
    1212
    1293
    1316
    1253
    1253
    1262
    1247
    1240
    1182
    1278
    1216
    1245
    1206
    1189
    1255
    1200
    1193
    1233
    1162
    1186
    1151
    1180
    1136
    1107
    1141
    1137
    1134
    1076
    1178
    1084
    1154
    1086
    1083
    1133
    1071
    1018
    1052
    1062
    1117
    1047
     965
    1022
    1080
    1009
    1040
     995
    1076
    1089
     956
     971
     992
     932
     994
    1003
     989
     927
    1001
     985
    1006
     888
     885
     970
     942
     903
     937
     862
     921
     908
     957
     897
     908
     861
     891
     886
     851
     905
     898
     865
     866
     884
     860
     826
     864
     839
     825
     723
     843
     822
     772
     770
     813
     804
     786
     751
     718
     787
     790
     772
     718
     716
     745
     728
     718
     747
     692
     728
     757
     740
     679
     720
     694
     674
     711
     729
     675
     655
     636
     666
     638
     651
     670
     626
     656
     646
     618
     635
     614
     621
     632
     617
     625
     587
     595
     601
     588
     569
     574
     524
     546
     581
     580
     548
     546
     577
     486
     524
     509
     507
     514
     541
     517
     507
     462
     480
     509
     518
     475
     454
     527
     465
     473
     471
     440
     459
     429
     466
     464
     428
     417
     411
     413
     445
     435
     424
     410
     369
     411
     420
     420
     406
     358
     393
     378
     389
     389
     403
     349
     370
     348
     354
     343
     353
     347
     352
     345
     322
     310
     302
     336
     324
     317
     284
     327
     305
     323
     312
     310
     296
     311
     296
     289
     293
     269
     286
     302
     226
     231
     233
     244
     242
     272
     254
     227
     254
     230
     256
     230
     209
     218
     219
     223
     212
     230
     199
     214
     185
     195
     216
     184
     202
     202
     185
     197
     186
     182
     181
     193
     192
     177
     199
     173
     157
     162
     165
     163
     173
     151
     153
     170
     130
     163
     135
     129
     149
     138
     119
     122
     149
     117
     132
     129
     116
     119
     104
     110
     108
     100
     109
     103
      96
     112
      91
      95
      98
     106
     104
      84
      99
      77
     111
      75
      85
      92
      95
      74
      71
      76
      62
      86
      94
      83
      76
      62
      71
      51
      70
      55
      69
      55
      61
      56
      55
      56
      43
      47
      54
      37
      50
      48
      43
      45
      49
      35
      57
      31
      34
      25
      35
      41
      33
      40
      36
      30
      47
      35
      29
      29
      26
      29
      33
      21
      26
      29
      31
      34
      31
      24
      25
      25
      32
      23
      20
      18
      21
      23
       8
      23
      22
      24
      13
      14
      16
      15
      19
      16
      19
      17
      17
      21
      20
      18
      15
       8
      12
      16
      13
      15
      10
      14
      15
      13
      15
      17
      14
      16
      15
      15
       8
       7
      17
      21
      15
       9
      17
      11
       8
      10
      10
      17
      14
      13
      10
      14
      10
      12
       9
       8
       6
      12
       9
      10
      15
       7
      14
      12
      13
      15
       7
      14
      12
       6
      10
      13
       7
       9
      22
      11
       4
       7
      11
       5
      16
      11
      15
      13
       8
      11
      16
       8
       9
       8
      12
       8
      14
      14
      11
      11
       7
      14
      10
       9
       8
      11
      12
      11
      10
      12
      13
      11
      14
      11
       8
       4
       8
       7
       8
       8
      11
       8
       8
       9
       9
       6
       4
       8
       9
      10
      13
      12
      11
       8
      12
       7
      10
       7
       7
       5
      10
       9
      12
       8
      15
      10
       9
      11
       4
      10
       7
      10
       6
       9
       6
      12
      10
       4
       7
      10
      11
       7
       1
      11
      13
       9
      12
      11
       6
      12
       5
       8
       7
       5
      14
       7
      13
      13
      13
      11
       4
       8
       9
      10
      12
       6
      11
      10
       8
       8
       9
       2
       7
      10
       6
       3
      11
      14
       9
       7
      12
       5
       5
      10
       5
       6
      10
       7
       7
       7
      17
       6
       7
       7
      10
       2
       8
      11
       6
       9
       5
       8
      14
       8
       9
       6
      10
       8
       3
       9
       9
      14
       5
       7
      11
      12
       6
       6
       9
       6
       8
       7
       5
       8
       7
       3
      11
       5
       9
       7
       7
       6
       9
       5
       8
       6
       4
       6
       5
       5
      10
       7
       3
       8
       6
       5
      10
      11
       2
       8
       3
       7
       3
      10
       6
       7
       3
       8
      11
       9
       4
       8
      11
       5
       3
       5
       6
       6
       3
       6
       6
       3
       8
       7
       6
       9
       6
       6
       3
       1
      10
       7
       4
       7
       5
       7
       4
       7
       6
       5
      11
      11
       4
       5
       3
       7
       5
       5
       4
       6
       6
       6
       2
       7
       4
       8
       3
       6
       7
       3
       5
       5
       7
       4
       4
      10
       9
       4
       4
       4
       2
       5
       3
       9
      12
       6
       2
       5
       4
       7
       6
       7
       3
       5
       4
       7
       6
       3
      10
       4
       5
       5
       5
       8
      10
       3
       7
       6
       2
       9
       6
      13
       8
       3
       5
       4
       5
      11
       6
       4
      10
       7
       5
       5
       6
       7
       6
       3
       7
       8
       7
       3
       7
       6
       4
       2
       6
       9
       6
       2
       4
       4
       4
      11
       4
       2
       8
       3
       3
       5
       8
       8
       8
       4
       4
       4
       5
       6
       3
       3
       4
       3
       6
       6
       5
       3
       5
       1
       7
       7
       3
       4
       5
       7
       4
       6
      10
       8
       4
       6
       7
       7
       5
       6
       4
       6
       4
       4
       4
       6
       6
       8
       7
       2
      11
       2
       6
       4
       3
       5
       4
       3
       9
      12
       8
       3
      11
       7
       7
       4
       7
       8
       4
       9
       2
       3
       6
       6
       7
       6
       8
       9
       3
       7
       6
       8
       4
       4
       5
      12
       2
       5
       6
       9
       6
       6
       3
       7
       5
       9
       3
       8
      12
       4
      10
       5
       6
       4
      10
       9
       8
       4
       9
       2
       7
       8
       5
       5
       8
       7
       7
       5
       7
      10
       4
       7
      16
       4
      13
       9
       6
       9
       9
      10
       7
       5
       7
       9
       4
       7
      11
       8
      11
       8
      12
      15
       5
       3
      12
      11
       5
      10
       6
       6
      11
      10
     108
     121
      96
      84
     101
     107
      94
      93
      97
     103
      84
      87
      90
     107
      85
     107
     105
      98
      77
      95
      88
      96
      93
      99
      85
      82
      93
      92
      99
      99
      88
      92
      82
      90
      78
      76
      89
      92
      71
      68
      96
     135
     229
     302
     353
     437
$ROI:
0
$PRESETS:
None
0
0
$ENER_FIT:
0.000000 0.000000
$MCA_CAL:
3
0.000000E+000 0.000000E+000 0.000000E+000
$SHAPE_CAL:
3
0.000000E+000 0.000000E+000 0.000000E+000
