$SPEC_ID:
ThO2
$SPEC_REM:
DET# 2
DETDESC# GAMMARAY MCB 25
AP# Maestro Version 5.34
$DATE_MEA:
01/30/2018 15:01:21
$MEAS_TIM:
107 2108
$DATA:
0 2047
     386
     474
    8990
   63134
   58406
   38548
   22455
   12869
    7630
    4993
    3988
    3544
    3464
    3506
    3674
    3743
    3849
    4281
    4762
    5194
    5761
    7272
   11639
   21485
   35645
   45671
   46025
   38019
   27373
   18253
   11807
    7278
    4930
    3550
    3114
    2933
    2819
    2782
    2903
    2889
    2965
    2886
    2923
    2973
    2848
    2820
    2977
    2875
    2903
    2932
    2992
    2901
    2967
    3085
    2965
    2995
    3067
    3057
    3105
    2985
    3078
    2998
    3062
    3065
    3068
    3106
    3217
    3116
    3113
    3055
    3164
    3198
    3215
    3155
    3213
    3124
    3272
    3109
    3252
    3172
    3267
    3225
    3168
    3232
    3327
    3219
    3234
    3399
    3320
    3274
    3292
    3254
    3392
    3320
    3320
    3267
    3310
    3367
    3359
    3362
    3388
    3324
    3429
    3387
    3442
    3511
    3459
    3405
    3483
    3399
    3384
    3436
    3485
    3401
    3540
    3577
    3451
    3499
    3531
    3526
    3619
    3448
    3636
    3645
    3488
    3529
    3598
    3661
    3608
    3653
    3615
    3621
    3632
    3657
    3642
    3661
    3639
    3510
    3648
    3809
    3762
    3612
    3666
    3691
    3743
    3637
    3673
    3754
    3800
    3777
    3785
    3817
    3724
    3890
    3806
    3818
    3835
    3685
    3735
    3832
    3865
    3883
    3839
    3911
    3863
    3870
    3961
    3939
    3865
    4000
    3993
    3847
    3887
    3958
    4027
    3974
    3975
    3963
    3994
    4017
    3975
    3912
    4053
    4002
    3985
    3948
    3982
    4016
    4155
    4153
    4096
    3983
    4006
    4111
    4087
    4115
    3994
    4032
    4104
    3965
    4175
    4189
    4155
    4243
    4155
    4088
    4013
    4340
    3992
    4138
    4162
    4104
    4258
    4151
    4231
    4186
    4269
    4099
    4341
    4189
    4214
    4338
    4215
    4245
    4233
    4305
    4221
    4208
    4167
    4260
    4284
    4291
    4317
    4320
    4316
    4388
    4339
    4297
    4266
    4343
    4365
    4346
    4187
    4302
    4352
    4346
    4366
    4472
    4440
    4338
    4265
    4407
    4399
    4437
    4461
    4310
    4607
    4362
    4284
    4498
    4490
    4379
    4346
    4475
    4434
    4550
    4297
    4500
    4596
    4557
    4426
    4320
    4496
    4435
    4462
    4519
    4556
    4542
    4441
    4493
    4510
    4530
    4427
    4511
    4575
    4389
    4625
    4535
    4614
    4508
    4493
    4512
    4531
    4661
    4552
    4604
    4518
    4668
    4619
    4623
    4686
    4683
    4644
    4533
    4773
    4769
    4711
    4758
    4703
    4664
    4825
    4772
    4778
    4777
    4682
    4645
    4661
    4809
    4755
    4800
    4867
    4729
    4901
    4745
    4791
    4854
    4818
    4892
    4985
    4844
    4900
    4923
    4883
    4908
    5017
    4884
    4919
    4914
    5011
    4906
    4811
    5007
    4934
    4898
    4932
    4967
    4978
    5066
    4912
    5054
    4844
    5109
    5044
    4952
    4969
    5061
    4988
    5074
    5054
    5068
    5055
    4923
    4986
    5090
    4922
    5008
    5104
    4851
    5099
    5096
    5125
    5059
    5007
    4944
    5010
    5071
    4995
    4979
    4987
    5111
    5077
    4998
    5171
    5082
    5155
    5259
    4975
    5060
    5065
    5104
    5172
    5009
    5127
    5167
    5128
    5077
    4981
    5162
    5217
    5130
    5157
    5106
    5054
    5191
    4989
    5062
    5099
    5097
    5259
    5144
    5029
    5023
    5119
    5112
    5278
    5138
    5086
    5017
    5232
    5229
    5094
    5061
    5179
    5244
    5083
    5280
    5112
    5163
    5214
    5206
    5057
    5085
    5133
    5014
    5130
    5081
    5165
    5011
    5236
    5146
    5189
    5030
    5107
    5029
    5121
    5123
    5151
    5070
    5210
    5038
    5237
    5150
    5104
    5130
    5312
    5134
    5183
    5101
    5222
    5169
    5198
    5149
    5120
    5225
    5116
    5110
    5124
    5276
    5279
    5300
    5095
    5043
    5247
    5175
    5083
    5234
    5075
    5083
    5320
    5164
    5273
    5156
    5201
    5131
    5207
    5300
    5031
    5168
    5120
    5177
    5304
    5131
    5149
    5148
    5183
    5185
    5152
    5240
    5156
    5298
    5262
    5256
    5136
    5149
    5165
    5201
    5149
    5238
    5165
    5060
    4997
    5153
    5177
    5298
    5186
    5142
    5141
    5161
    5205
    5170
    5187
    5219
    5267
    5064
    5211
    5200
    5156
    5109
    5136
    5191
    5089
    5151
    5092
    5094
    5136
    5042
    5150
    5066
    5229
    5269
    5133
    5145
    5014
    5240
    5083
    5065
    5149
    5178
    5098
    5106
    5077
    5084
    5011
    5003
    5092
    5149
    5066
    5078
    5147
    5077
    5069
    5217
    5021
    5069
    5067
    5058
    5030
    4987
    4898
    5191
    5009
    4898
    5025
    5044
    5090
    4969
    4990
    5061
    5120
    5118
    4999
    5076
    4994
    5126
    5043
    5156
    4967
    5099
    4921
    5058
    5061
    4993
    4960
    5090
    5037
    4901
    5027
    4941
    5118
    5091
    4956
    4946
    4860
    4998
    4884
    4831
    4813
    5048
    4869
    5054
    4915
    4943
    4864
    4935
    4941
    4894
    4813
    4878
    4957
    4839
    4788
    4863
    4895
    4821
    4837
    4900
    4837
    4882
    4816
    4839
    4794
    4948
    4908
    4839
    4880
    4753
    4820
    4884
    4929
    4818
    4746
    4789
    4852
    4781
    4802
    4808
    4798
    4728
    4825
    4794
    4823
    4717
    4794
    4692
    4738
    4855
    4686
    4825
    4728
    4931
    4785
    4650
    4796
    4743
    4778
    4769
    4721
    4632
    4718
    4763
    4612
    4668
    4610
    4576
    4735
    4505
    4743
    4705
    4695
    4752
    4569
    4583
    4640
    4460
    4547
    4561
    4653
    4620
    4526
    4564
    4558
    4563
    4557
    4574
    4531
    4669
    4574
    4579
    4469
    4582
    4582
    4592
    4466
    4596
    4676
    4531
    4489
    4596
    4459
    4559
    4495
    4451
    4511
    4652
    4385
    4336
    4447
    4426
    4393
    4524
    4403
    4418
    4399
    4396
    4629
    4396
    4320
    4352
    4393
    4363
    4323
    4373
    4395
    4394
    4363
    4428
    4401
    4287
    4268
    4302
    4229
    4438
    4326
    4265
    4251
    4306
    4162
    4305
    4269
    4329
    4351
    4306
    4193
    4215
    4235
    4238
    4238
    4160
    4265
    4150
    4200
    4185
    4273
    4152
    4131
    4137
    3984
    4200
    4106
    4327
    4104
    4147
    4183
    4140
    4032
    4034
    4079
    4142
    4041
    4107
    4020
    4164
    4079
    4053
    4012
    4066
    3957
    3947
    3961
    3924
    3930
    4007
    4001
    4005
    3939
    3942
    3994
    3925
    3937
    3916
    4099
    3909
    3888
    3827
    3899
    3770
    3823
    3818
    3810
    3869
    3801
    3889
    3813
    3932
    3856
    3770
    3833
    3707
    3794
    3905
    3845
    3660
    3784
    3737
    3748
    3651
    3690
    3742
    3630
    3637
    3629
    3686
    3711
    3663
    3623
    3603
    3656
    3663
    3657
    3629
    3537
    3609
    3598
    3562
    3658
    3677
    3581
    3589
    3462
    3538
    3560
    3428
    3618
    3404
    3502
    3597
    3563
    3490
    3451
    3392
    3459
    3379
    3520
    3418
    3366
    3332
    3505
    3327
    3420
    3446
    3368
    3489
    3376
    3265
    3354
    3348
    3374
    3304
    3204
    3290
    3314
    3331
    3303
    3339
    3242
    3215
    3277
    3319
    3359
    3262
    3141
    3159
    3343
    3190
    3308
    3235
    3216
    3272
    3227
    3227
    3175
    3156
    3294
    3203
    3091
    3143
    3189
    3105
    3090
    3077
    3098
    3097
    3002
    3066
    2986
    3040
    2992
    2997
    3049
    2951
    2944
    2994
    2954
    3032
    3025
    2917
    2906
    2887
    2936
    3040
    2788
    2916
    3004
    2969
    2953
    2871
    2926
    2802
    2791
    2971
    2863
    2762
    2894
    2901
    2841
    2838
    2834
    2848
    2829
    2781
    2690
    2731
    2744
    2666
    2800
    2759
    2708
    2717
    2762
    2679
    2685
    2737
    2656
    2701
    2614
    2711
    2697
    2571
    2661
    2596
    2580
    2500
    2489
    2575
    2545
    2564
    2596
    2475
    2555
    2590
    2527
    2415
    2520
    2560
    2469
    2526
    2439
    2476
    2466
    2376
    2412
    2425
    2446
    2490
    2396
    2393
    2409
    2371
    2323
    2416
    2393
    2419
    2402
    2367
    2382
    2351
    2348
    2235
    2248
    2277
    2256
    2310
    2287
    2252
    2238
    2255
    2177
    2216
    2270
    2177
    2179
    2257
    2205
    2169
    2194
    2207
    2147
    2119
    2206
    2201
    2156
    2148
    2153
    2083
    2094
    2073
    2132
    2014
    2039
    2116
    2111
    2063
    2030
    2103
    2173
    1989
    2039
    1991
    2049
    1964
    1952
    2062
    1993
    1980
    1902
    1994
    1937
    1919
    1932
    1899
    1871
    1853
    1842
    1874
    1963
    1827
    1848
    1870
    1828
    1871
    1872
    1848
    1844
    1801
    1808
    1824
    1836
    1785
    1737
    1747
    1723
    1658
    1761
    1768
    1675
    1705
    1697
    1670
    1716
    1726
    1618
    1683
    1638
    1687
    1628
    1688
    1643
    1606
    1689
    1513
    1635
    1655
    1542
    1540
    1547
    1556
    1545
    1490
    1574
    1504
    1578
    1529
    1496
    1573
    1538
    1472
    1538
    1461
    1475
    1450
    1464
    1444
    1384
    1422
    1387
    1437
    1375
    1430
    1351
    1444
    1361
    1351
    1420
    1351
    1302
    1307
    1310
    1391
    1323
    1245
    1293
    1332
    1252
    1311
    1259
    1301
    1368
    1209
    1214
    1282
    1186
    1224
    1221
    1243
    1154
    1252
    1225
    1265
    1137
    1127
    1182
    1164
    1138
    1165
    1070
    1178
    1146
    1181
    1154
    1109
    1093
    1113
    1093
    1053
    1113
    1112
    1085
    1100
    1079
    1082
    1054
    1091
    1061
    1013
     937
    1055
    1029
    1002
     986
     994
    1022
     979
     931
     924
     992
    1008
     949
     892
     901
     938
     904
     884
     934
     884
     909
     924
     905
     834
     900
     890
     845
     903
     923
     861
     836
     820
     821
     821
     825
     829
     795
     820
     804
     764
     806
     781
     750
     775
     767
     794
     758
     771
     748
     711
     731
     715
     689
     692
     732
     714
     700
     680
     726
     640
     660
     648
     638
     648
     697
     615
     613
     581
     614
     640
     651
     606
     598
     670
     612
     581
     584
     583
     586
     519
     578
     583
     545
     533
     541
     521
     561
     548
     564
     520
     473
     516
     521
     522
     498
     453
     497
     487
     486
     495
     502
     441
     468
     455
     439
     455
     449
     438
     448
     444
     395
     395
     379
     428
     412
     394
     365
     428
     394
     377
     381
     394
     368
     390
     374
     373
     364
     342
     370
     370
     304
     298
     297
     319
     319
     336
     312
     293
     306
     285
     329
     303
     267
     281
     270
     276
     278
     288
     260
     274
     246
     258
     280
     234
     257
     265
     240
     251
     242
     238
     227
     254
     243
     228
     253
     218
     195
     207
     210
     202
     201
     188
     183
     215
     163
     196
     175
     193
     189
     171
     165
     167
     191
     151
     172
     173
     155
     154
     136
     135
     136
     134
     141
     134
     128
     139
     124
     123
     127
     143
     134
     119
     114
     107
     135
      95
     112
     120
     121
      96
      93
      99
      86
     110
     116
     111
      91
      85
      90
      75
      89
      75
      82
      76
      83
      69
      69
      72
      56
      62
      70
      52
      61
      60
      52
      55
      62
      43
      72
      44
      42
      40
      42
      52
      45
      54
      53
      36
      60
      48
      44
      36
      34
      38
      46
      30
      32
      37
      36
      43
      39
      36
      30
      31
      37
      36
      34
      25
      28
      30
      12
      29
      40
      28
      20
      22
      20
      21
      25
      21
      26
      21
      21
      24
      24
      21
      18
      15
      20
      19
      20
      18
      16
      19
      19
      18
      16
      19
      18
      17
      22
      19
      12
       9
      20
      24
      18
      11
      23
      17
      14
      15
      13
      20
      15
      16
      15
      16
      14
      16
      16
      13
       7
      14
      10
      16
      16
      10
      19
      16
      16
      16
       8
      16
      17
       9
      14
      15
      13
      12
      26
      16
       9
      10
      12
       6
      19
      15
      15
      16
       8
      12
      17
      13
      10
      10
      12
      10
      17
      18
      13
      15
       8
      15
      11
      12
      10
      14
      17
      14
      14
      14
      16
      14
      16
      13
      12
      10
      10
      12
      11
       9
      16
      11
      10
      11
      12
       9
       9
      12
      10
      11
      14
      16
      11
      13
      13
       9
      10
       9
      10
       6
      12
      11
      13
      12
      19
      15
      10
      14
       5
      17
      10
      12
       9
      13
       8
      13
      11
       5
       9
      11
      19
      10
       3
      15
      17
      10
      13
      14
       8
      13
       7
       9
      10
       6
      17
       8
      18
      15
      15
      14
       6
      10
      12
      11
      15
       7
      13
      12
      12
       9
      10
       6
       7
      12
       8
       6
      15
      16
      14
      13
      17
       7
       8
      13
       6
       9
      14
       9
       7
       9
      21
       8
       8
       8
      11
       2
      11
      12
       7
      12
      11
       8
      20
       8
      12
       6
      11
       9
       6
      11
      14
      17
       5
       7
      12
      12
       7
      10
      11
       7
      12
      10
       5
      11
      10
       5
      11
       8
      10
      12
       9
       8
      10
       6
       9
       7
       7
       8
       7
       7
      13
      11
       4
      12
       9
       8
      12
      16
       3
       9
       6
       7
       3
      10
       6
       8
       7
       9
      13
      10
       5
      10
      13
       7
       4
       6
       8
      10
       7
       6
       9
       5
      11
       7
      10
      10
      11
       7
       3
       4
      11
       7
       6
      10
       9
       9
       5
       7
       7
       7
      12
      12
       5
       8
       5
       7
       5
       6
       5
       6
       6
       8
       6
      10
       6
      12
       3
       8
      10
       4
       5
      11
       9
       8
       7
      12
      11
       5
       4
       4
       4
       8
       5
       9
      13
      10
       4
       5
       5
       8
       8
       7
       5
       8
       4
       7
      10
       5
      11
       8
       7
       8
       7
      10
      13
       6
      10
      10
       4
      10
       7
      16
       9
       4
       7
       8
       7
      12
      13
       5
      15
       7
       6
       6
       8
       8
       8
       5
       8
       8
       8
       4
       9
      10
       6
       4
      10
      12
       7
       4
       5
       8
       7
      12
       4
       7
      11
       3
       5
       8
      11
      11
      14
       4
       7
       7
       8
      11
       3
       3
      10
       4
       9
       8
       8
       6
       6
       3
       8
       8
       6
       5
       7
       8
       5
       8
      11
      10
       5
       7
      11
       9
       7
       6
       6
       7
       6
       6
       6
       9
       9
      11
       8
       8
      14
       5
       9
       6
       4
       7
       5
       4
      13
      13
       9
       4
      12
      12
       9
       8
       8
      11
       5
      10
       4
       6
       7
      10
       8
       8
      11
      10
       3
       9
       7
      10
       5
       4
       8
      14
       2
       7
       8
      11
      10
      12
       3
       9
       7
      10
       5
       9
      13
       7
      12
       6
       9
       5
      15
      13
       9
       9
      11
       5
       9
       8
       6
       7
      10
       8
      11
       8
      10
      12
       4
      10
      19
       6
      15
      13
       7
      10
       9
      13
       7
       8
      11
      12
       8
      11
      11
      10
      12
      10
      15
      17
       7
       5
      19
      14
       8
      12
       6
      15
      16
      10
     143
     162
     130
     129
     141
     140
     135
     128
     133
     149
     117
     124
     129
     143
     126
     145
     136
     143
     127
     127
     115
     141
     124
     126
     111
     121
     122
     139
     133
     138
     128
     129
     113
     129
     120
     117
     119
     122
     107
     103
     137
     180
     295
     369
     432
     531
$ROI:
0
$PRESETS:
None
0
0
$ENER_FIT:
0.000000 0.000000
$MCA_CAL:
3
0.000000E+000 0.000000E+000 0.000000E+000
$SHAPE_CAL:
3
0.000000E+000 0.000000E+000 0.000000E+000
