$SPEC_ID:
ThO2
$SPEC_REM:
DET# 2
DETDESC# GAMMARAY MCB 25
AP# Maestro Version 5.34
$DATE_MEA:
01/30/2018 15:01:21
$MEAS_TIM:
118 2409
$DATA:
0 2047
     400
     496
    9881
   68479
   61817
   39951
   23062
   13229
    7913
    5284
    4220
    3804
    3723
    3765
    3942
    4017
    4157
    4569
    5078
    5555
    6181
    7863
   12799
   23730
   39587
   50537
   50484
   40982
   29012
   19078
   12238
    7575
    5196
    3796
    3342
    3183
    3051
    3036
    3168
    3117
    3203
    3106
    3133
    3193
    3078
    3051
    3203
    3082
    3125
    3164
    3236
    3137
    3234
    3312
    3211
    3236
    3327
    3338
    3361
    3256
    3327
    3254
    3338
    3309
    3321
    3361
    3455
    3394
    3374
    3327
    3433
    3470
    3493
    3401
    3482
    3391
    3558
    3354
    3548
    3442
    3547
    3497
    3438
    3493
    3580
    3479
    3506
    3679
    3571
    3519
    3577
    3546
    3610
    3584
    3580
    3549
    3608
    3632
    3643
    3642
    3657
    3592
    3696
    3652
    3714
    3808
    3695
    3719
    3799
    3667
    3680
    3702
    3728
    3696
    3813
    3855
    3732
    3809
    3819
    3840
    3902
    3766
    3897
    3952
    3796
    3811
    3880
    3944
    3921
    3959
    3943
    3919
    3942
    3985
    3936
    3951
    3949
    3801
    3973
    4125
    4054
    3920
    3983
    3997
    4036
    3953
    3969
    4079
    4100
    4095
    4087
    4140
    4032
    4212
    4117
    4155
    4161
    3991
    4039
    4137
    4186
    4202
    4152
    4212
    4206
    4179
    4280
    4283
    4202
    4333
    4304
    4159
    4204
    4298
    4360
    4303
    4293
    4313
    4346
    4361
    4295
    4217
    4407
    4333
    4313
    4297
    4322
    4355
    4480
    4465
    4410
    4309
    4341
    4424
    4431
    4458
    4351
    4363
    4411
    4306
    4470
    4554
    4477
    4571
    4456
    4420
    4396
    4657
    4322
    4474
    4508
    4478
    4602
    4486
    4550
    4532
    4626
    4428
    4670
    4531
    4550
    4685
    4550
    4608
    4579
    4661
    4588
    4591
    4538
    4574
    4621
    4640
    4700
    4650
    4655
    4740
    4693
    4619
    4606
    4724
    4745
    4684
    4551
    4627
    4708
    4693
    4737
    4805
    4807
    4686
    4620
    4766
    4775
    4817
    4816
    4680
    4971
    4730
    4612
    4842
    4869
    4756
    4681
    4852
    4804
    4925
    4703
    4871
    4983
    4925
    4783
    4677
    4841
    4784
    4811
    4900
    4922
    4910
    4785
    4886
    4882
    4896
    4778
    4913
    4952
    4751
    4990
    4890
    4994
    4883
    4869
    4834
    4890
    4980
    4967
    5011
    4906
    5044
    4999
    4979
    5030
    5070
    5029
    4884
    5103
    5137
    5095
    5163
    5066
    5063
    5233
    5137
    5146
    5169
    5053
    5054
    5063
    5188
    5168
    5191
    5264
    5111
    5300
    5142
    5191
    5256
    5229
    5318
    5373
    5264
    5321
    5315
    5269
    5284
    5458
    5273
    5300
    5311
    5408
    5277
    5226
    5384
    5316
    5319
    5345
    5333
    5386
    5445
    5318
    5438
    5228
    5528
    5460
    5340
    5342
    5466
    5453
    5482
    5481
    5477
    5479
    5337
    5383
    5460
    5317
    5446
    5514
    5262
    5529
    5496
    5522
    5504
    5399
    5329
    5398
    5481
    5406
    5392
    5410
    5508
    5514
    5415
    5607
    5518
    5572
    5716
    5390
    5460
    5471
    5492
    5575
    5444
    5519
    5636
    5556
    5511
    5404
    5591
    5648
    5578
    5592
    5570
    5440
    5584
    5410
    5510
    5543
    5540
    5653
    5527
    5439
    5434
    5540
    5545
    5707
    5578
    5512
    5443
    5671
    5637
    5519
    5475
    5611
    5645
    5511
    5680
    5542
    5581
    5624
    5623
    5479
    5496
    5556
    5417
    5536
    5490
    5609
    5408
    5636
    5538
    5589
    5446
    5542
    5415
    5544
    5564
    5571
    5514
    5616
    5449
    5663
    5575
    5527
    5567
    5776
    5539
    5603
    5513
    5644
    5580
    5601
    5590
    5532
    5667
    5514
    5498
    5513
    5720
    5709
    5718
    5542
    5476
    5675
    5582
    5482
    5656
    5491
    5534
    5743
    5596
    5697
    5615
    5644
    5540
    5599
    5750
    5438
    5612
    5536
    5613
    5725
    5536
    5564
    5527
    5621
    5640
    5614
    5640
    5585
    5719
    5676
    5671
    5559
    5587
    5578
    5596
    5569
    5642
    5620
    5484
    5399
    5604
    5608
    5695
    5619
    5558
    5589
    5546
    5630
    5616
    5592
    5645
    5745
    5464
    5608
    5629
    5572
    5546
    5559
    5603
    5496
    5575
    5506
    5523
    5537
    5453
    5579
    5497
    5595
    5688
    5552
    5590
    5416
    5657
    5530
    5513
    5591
    5594
    5509
    5525
    5491
    5520
    5429
    5427
    5525
    5585
    5458
    5502
    5547
    5501
    5478
    5622
    5424
    5507
    5464
    5474
    5444
    5402
    5293
    5587
    5443
    5299
    5451
    5434
    5538
    5403
    5428
    5467
    5566
    5559
    5407
    5490
    5401
    5515
    5418
    5562
    5342
    5482
    5314
    5455
    5471
    5366
    5397
    5501
    5443
    5310
    5482
    5376
    5513
    5506
    5391
    5359
    5255
    5391
    5289
    5247
    5222
    5424
    5280
    5444
    5313
    5367
    5312
    5334
    5359
    5319
    5209
    5325
    5364
    5257
    5214
    5259
    5343
    5209
    5210
    5258
    5226
    5250
    5190
    5234
    5204
    5333
    5315
    5256
    5271
    5158
    5211
    5265
    5287
    5232
    5126
    5172
    5250
    5132
    5190
    5204
    5198
    5099
    5226
    5216
    5232
    5097
    5199
    5090
    5111
    5229
    5077
    5237
    5125
    5337
    5180
    5047
    5187
    5105
    5152
    5163
    5125
    4983
    5117
    5106
    4980
    5037
    5031
    4933
    5122
    4879
    5144
    5056
    5072
    5128
    4943
    4919
    5008
    4836
    4921
    4924
    5027
    5028
    4906
    4930
    4959
    4967
    4930
    4974
    4844
    5045
    4939
    4937
    4832
    4930
    4950
    4991
    4836
    5007
    5060
    4939
    4881
    4937
    4850
    4926
    4854
    4847
    4873
    5003
    4749
    4689
    4817
    4787
    4760
    4907
    4729
    4748
    4761
    4732
    4999
    4788
    4709
    4747
    4738
    4666
    4682
    4710
    4747
    4756
    4711
    4787
    4793
    4656
    4636
    4646
    4576
    4790
    4647
    4603
    4607
    4682
    4546
    4663
    4603
    4685
    4678
    4674
    4545
    4553
    4572
    4619
    4626
    4495
    4589
    4493
    4567
    4499
    4607
    4497
    4528
    4459
    4308
    4565
    4448
    4684
    4428
    4525
    4495
    4469
    4357
    4359
    4396
    4471
    4364
    4473
    4351
    4504
    4440
    4378
    4359
    4390
    4300
    4257
    4294
    4229
    4264
    4349
    4315
    4320
    4240
    4277
    4348
    4289
    4290
    4204
    4422
    4233
    4217
    4148
    4235
    4110
    4151
    4123
    4142
    4199
    4110
    4249
    4143
    4230
    4174
    4086
    4191
    4035
    4108
    4217
    4156
    3987
    4108
    4039
    4061
    3949
    4018
    4086
    3913
    3932
    3921
    3983
    4026
    3953
    3930
    3907
    3958
    3939
    3976
    3937
    3852
    3919
    3852
    3870
    3946
    3995
    3882
    3886
    3753
    3852
    3835
    3720
    3914
    3668
    3811
    3912
    3853
    3793
    3784
    3678
    3737
    3653
    3823
    3725
    3627
    3594
    3769
    3586
    3713
    3741
    3661
    3757
    3625
    3565
    3640
    3635
    3635
    3609
    3461
    3555
    3539
    3625
    3582
    3626
    3491
    3467
    3560
    3599
    3623
    3551
    3448
    3426
    3604
    3467
    3579
    3504
    3479
    3515
    3484
    3480
    3452
    3432
    3559
    3486
    3361
    3404
    3441
    3380
    3330
    3325
    3371
    3336
    3277
    3335
    3207
    3278
    3266
    3256
    3285
    3202
    3195
    3244
    3211
    3294
    3295
    3176
    3177
    3115
    3164
    3296
    3059
    3165
    3232
    3208
    3190
    3108
    3140
    3030
    3050
    3208
    3075
    2992
    3128
    3114
    3065
    3050
    3070
    3088
    3075
    3011
    2952
    2936
    2975
    2879
    3016
    2998
    2952
    2963
    2981
    2931
    2907
    2958
    2894
    2943
    2828
    2934
    2900
    2803
    2887
    2794
    2785
    2721
    2714
    2769
    2774
    2781
    2832
    2677
    2789
    2778
    2733
    2620
    2733
    2801
    2678
    2715
    2637
    2680
    2665
    2566
    2617
    2636
    2647
    2687
    2595
    2591
    2579
    2589
    2535
    2613
    2592
    2608
    2588
    2570
    2576
    2574
    2562
    2442
    2469
    2480
    2447
    2502
    2473
    2440
    2424
    2450
    2364
    2419
    2454
    2347
    2346
    2437
    2406
    2377
    2398
    2377
    2334
    2317
    2388
    2401
    2330
    2347
    2337
    2256
    2268
    2264
    2333
    2185
    2207
    2288
    2283
    2244
    2191
    2285
    2372
    2181
    2199
    2155
    2207
    2135
    2124
    2227
    2159
    2142
    2097
    2156
    2102
    2101
    2085
    2055
    2017
    2009
    1991
    2007
    2104
    1967
    2023
    2029
    2004
    2037
    2044
    1988
    1995
    1948
    1951
    1979
    1981
    1955
    1882
    1898
    1886
    1797
    1897
    1926
    1850
    1840
    1860
    1803
    1852
    1871
    1748
    1808
    1765
    1842
    1783
    1836
    1798
    1752
    1847
    1644
    1787
    1783
    1678
    1668
    1692
    1668
    1677
    1617
    1723
    1627
    1695
    1658
    1617
    1710
    1680
    1609
    1654
    1578
    1601
    1582
    1581
    1547
    1514
    1538
    1477
    1564
    1473
    1554
    1452
    1575
    1471
    1456
    1519
    1468
    1418
    1424
    1431
    1503
    1431
    1360
    1402
    1462
    1345
    1420
    1363
    1401
    1476
    1294
    1340
    1391
    1309
    1322
    1312
    1352
    1265
    1359
    1326
    1349
    1244
    1241
    1296
    1264
    1233
    1262
    1174
    1260
    1245
    1288
    1259
    1196
    1196
    1208
    1178
    1154
    1197
    1211
    1183
    1181
    1161
    1180
    1150
    1190
    1140
    1105
    1031
    1134
    1124
    1088
    1077
    1077
    1121
    1069
    1030
    1013
    1076
    1086
    1042
     979
     978
    1024
     977
     962
    1036
     982
    1004
     997
     999
     913
     954
     983
     920
     987
     995
     938
     897
     882
     880
     897
     910
     910
     856
     881
     864
     822
     887
     860
     829
     857
     825
     856
     824
     835
     809
     773
     804
     775
     746
     747
     810
     771
     765
     734
     788
     709
     713
     715
     696
     710
     760
     674
     670
     627
     666
     698
     703
     654
     652
     717
     665
     653
     640
     641
     635
     569
     628
     637
     604
     592
     593
     565
     613
     584
     615
     569
     510
     569
     571
     565
     545
     509
     543
     518
     546
     538
     550
     486
     519
     494
     483
     482
     494
     484
     481
     468
     430
     443
     427
     478
     447
     440
     402
     457
     437
     423
     424
     433
     393
     429
     415
     413
     398
     376
     405
     403
     329
     333
     334
     347
     353
     373
     351
     312
     330
     320
     347
     332
     292
     321
     295
     308
     305
     311
     286
     300
     268
     284
     304
     260
     285
     291
     266
     281
     271
     266
     248
     283
     256
     252
     269
     230
     212
     233
     228
     212
     220
     208
     208
     237
     179
     214
     193
     206
     206
     191
     190
     185
     207
     165
     184
     191
     172
     171
     155
     150
     146
     144
     155
     148
     144
     157
     140
     133
     140
     154
     150
     134
     127
     116
     142
     105
     118
     131
     140
     110
     102
     111
     100
     113
     124
     121
     100
      93
      99
      85
      95
      89
      87
      81
      90
      72
      78
      82
      65
      68
      79
      56
      67
      63
      59
      60
      64
      50
      76
      52
      51
      49
      43
      58
      52
      60
      58
      41
      67
      52
      50
      41
      36
      42
      46
      35
      35
      40
      39
      45
      41
      37
      34
      34
      40
      38
      37
      28
      32
      35
      13
      32
      42
      29
      26
      24
      23
      23
      29
      23
      27
      23
      22
      25
      25
      22
      22
      19
      21
      21
      21
      19
      21
      22
      20
      20
      18
      20
      19
      20
      23
      20
      13
      10
      20
      25
      22
      12
      26
      19
      16
      17
      16
      20
      18
      18
      17
      19
      20
      18
      19
      13
       9
      17
      12
      17
      19
      11
      20
      17
      16
      19
      10
      16
      20
      10
      14
      17
      15
      14
      27
      17
      11
      11
      14
       7
      22
      19
      17
      16
       8
      12
      17
      13
      10
      12
      13
      10
      19
      18
      17
      17
       9
      18
      12
      14
      11
      16
      18
      17
      14
      15
      16
      15
      16
      13
      13
      10
      10
      13
      12
       9
      17
      12
      11
      12
      12
      11
      11
      14
      13
      13
      16
      17
      13
      13
      15
      10
      11
      10
      10
       6
      13
      11
      15
      12
      20
      17
      11
      15
       5
      17
      11
      14
      10
      14
       9
      13
      15
       7
      10
      12
      20
      10
       4
      16
      18
      12
      14
      15
       9
      14
       9
      10
      13
       8
      18
       8
      21
      16
      16
      14
       7
      10
      13
      12
      15
       9
      13
      13
      13
       9
      11
       8
       7
      14
      11
       7
      17
      16
      16
      14
      20
       7
       9
      13
       8
       9
      15
      11
      11
      12
      22
       9
       9
       9
      13
       3
      12
      13
       7
      13
      14
       9
      21
       9
      13
       6
      11
       9
       7
      11
      15
      18
       8
       9
      13
      12
       8
      10
      12
       8
      12
      10
       5
      13
      12
       5
      13
      10
      10
      12
       9
       9
      12
       7
       9
       9
       8
       8
       7
       8
      14
      13
       5
      12
      10
      10
      13
      17
       3
      10
       7
       8
       3
      10
       6
      10
       7
       9
      14
      13
       8
      12
      14
       7
       5
       8
       9
      11
       8
       6
       9
       6
      12
       8
      11
      11
      11
      10
       5
       5
      12
       7
       6
      10
       9
       9
       7
       9
       8
       8
      12
      13
       5
       9
       5
       8
       5
       8
       5
       9
       6
      10
       7
      11
       7
      12
       3
       8
      11
       6
       5
      12
       9
       9
       8
      13
      11
       5
       4
       4
       5
       8
       6
      10
      13
      12
       4
       6
       5
      10
       9
       7
       6
       9
       6
       7
      12
       6
      11
       9
       8
      10
       8
      12
      15
       8
      15
      12
       4
      11
       7
      17
      10
       9
       7
      11
       8
      13
      14
       7
      17
       8
       6
       8
      10
       8
       8
       5
       9
       8
       9
       4
      10
      10
       7
       4
      10
      12
       7
       5
       6
       9
       9
      13
       4
       9
      13
       4
       7
      10
      14
      11
      14
       6
       8
       7
       9
      12
       3
       5
      10
       5
      10
       8
       8
       7
       8
       3
       8
      10
       8
       6
       9
       9
       5
      11
      11
      11
       7
       8
      12
      10
       7
       6
       6
       8
       6
       7
       7
       9
      10
      13
       8
       8
      15
       7
      10
       9
       4
       7
       6
       4
      15
      15
      11
       4
      13
      12
      11
       9
       9
      13
       5
      10
       6
       8
       9
      13
       9
       8
      12
      12
       5
      10
       8
      12
       7
       4
       9
      17
       5
       7
       9
      11
      10
      15
       3
      10
       9
      10
       8
      10
      15
       7
      13
       6
      10
       5
      15
      17
      10
      10
      11
       6
       9
       8
       7
       9
      12
       9
      11
      11
      11
      13
       5
      12
      20
       6
      16
      13
       8
      10
      10
      15
       9
       8
      11
      13
      12
      13
      12
      10
      13
      12
      16
      17
      10
       6
      22
      16
       9
      15
       9
      17
      18
      12
     163
     176
     149
     152
     164
     161
     159
     143
     156
     170
     139
     145
     148
     168
     138
     170
     163
     161
     151
     153
     135
     170
     135
     139
     130
     140
     146
     158
     145
     155
     151
     148
     126
     150
     140
     133
     137
     142
     124
     114
     163
     208
     321
     392
     465
     565
$ROI:
0
$PRESETS:
None
0
0
$ENER_FIT:
0.000000 0.000000
$MCA_CAL:
3
0.000000E+000 0.000000E+000 0.000000E+000
$SHAPE_CAL:
3
0.000000E+000 0.000000E+000 0.000000E+000
