$SPEC_ID:
ThO2
$SPEC_REM:
DET# 2
DETDESC# GAMMARAY MCB 25
AP# Maestro Version 5.34
$DATE_MEA:
01/30/2018 15:01:21
$MEAS_TIM:
128 2707
$DATA:
0 2047
     417
     515
   10540
   72450
   64301
   40947
   23546
   13525
    8183
    5502
    4454
    4028
    3946
    3978
    4163
    4242
    4388
    4795
    5366
    5865
    6514
    8344
   13839
   25814
   43029
   54912
   54365
   43581
   30376
   19699
   12576
    7776
    5408
    4010
    3550
    3373
    3241
    3208
    3376
    3308
    3420
    3328
    3357
    3393
    3282
    3251
    3403
    3329
    3329
    3353
    3447
    3357
    3451
    3530
    3433
    3458
    3555
    3563
    3594
    3481
    3548
    3498
    3559
    3523
    3531
    3584
    3665
    3609
    3584
    3574
    3643
    3700
    3700
    3626
    3720
    3631
    3799
    3615
    3771
    3677
    3781
    3722
    3687
    3703
    3823
    3707
    3743
    3904
    3820
    3747
    3822
    3796
    3840
    3841
    3821
    3774
    3867
    3858
    3872
    3862
    3935
    3836
    3902
    3901
    3973
    4044
    3947
    3955
    4045
    3919
    3921
    3953
    4012
    3929
    4114
    4124
    3984
    4076
    4075
    4107
    4179
    4015
    4153
    4218
    4050
    4088
    4154
    4217
    4166
    4211
    4165
    4176
    4207
    4242
    4175
    4232
    4222
    4061
    4234
    4390
    4352
    4179
    4275
    4254
    4300
    4263
    4212
    4334
    4382
    4379
    4370
    4432
    4311
    4492
    4400
    4422
    4437
    4274
    4295
    4421
    4444
    4469
    4455
    4466
    4458
    4430
    4532
    4563
    4481
    4623
    4586
    4448
    4496
    4566
    4649
    4586
    4562
    4612
    4618
    4651
    4575
    4507
    4687
    4626
    4606
    4569
    4620
    4669
    4747
    4728
    4725
    4597
    4640
    4743
    4736
    4746
    4630
    4644
    4688
    4588
    4762
    4861
    4777
    4870
    4735
    4729
    4684
    4956
    4608
    4764
    4792
    4797
    4929
    4789
    4874
    4811
    4918
    4734
    4993
    4808
    4892
    4978
    4844
    4902
    4906
    4974
    4905
    4895
    4856
    4879
    4943
    4959
    5025
    4943
    4957
    5053
    5024
    4928
    4894
    5043
    5048
    4987
    4839
    4958
    5022
    5008
    5088
    5099
    5122
    5014
    4928
    5085
    5111
    5106
    5150
    5013
    5331
    5036
    4966
    5158
    5195
    5089
    5020
    5171
    5147
    5249
    5009
    5183
    5315
    5256
    5113
    4969
    5165
    5088
    5109
    5236
    5278
    5194
    5113
    5225
    5240
    5202
    5122
    5237
    5290
    5070
    5299
    5230
    5320
    5210
    5187
    5143
    5208
    5331
    5317
    5329
    5236
    5405
    5347
    5348
    5356
    5417
    5340
    5231
    5415
    5462
    5409
    5498
    5392
    5415
    5578
    5451
    5479
    5497
    5426
    5407
    5412
    5523
    5527
    5538
    5620
    5473
    5644
    5496
    5555
    5624
    5570
    5667
    5744
    5587
    5674
    5695
    5591
    5622
    5840
    5621
    5669
    5623
    5756
    5619
    5580
    5769
    5675
    5662
    5727
    5679
    5733
    5794
    5694
    5819
    5556
    5926
    5832
    5689
    5683
    5849
    5816
    5822
    5827
    5833
    5852
    5694
    5728
    5830
    5652
    5806
    5874
    5613
    5905
    5869
    5892
    5847
    5750
    5677
    5727
    5826
    5731
    5757
    5762
    5866
    5873
    5791
    5943
    5895
    5966
    6079
    5748
    5820
    5825
    5828
    5973
    5818
    5884
    6048
    5904
    5849
    5777
    5936
    6020
    5944
    5935
    5945
    5819
    5961
    5799
    5858
    5903
    5880
    5991
    5857
    5823
    5821
    5906
    5899
    6058
    5981
    5875
    5877
    6025
    6001
    5895
    5859
    5950
    6044
    5880
    6032
    5902
    5931
    6023
    5999
    5868
    5890
    5923
    5784
    5875
    5854
    5978
    5779
    6033
    5900
    5923
    5801
    5903
    5785
    5921
    5923
    5903
    5890
    5982
    5817
    6050
    5940
    5901
    5938
    6139
    5921
    5991
    5888
    6020
    5946
    5944
    5914
    5904
    6031
    5877
    5861
    5878
    6088
    6101
    6061
    5904
    5859
    6048
    5957
    5871
    6073
    5851
    5871
    6092
    5992
    6040
    5999
    6035
    5888
    5967
    6093
    5787
    5961
    5885
    6000
    6094
    5933
    5938
    5880
    6002
    6044
    6017
    6005
    5955
    6077
    6061
    6053
    5922
    5935
    5946
    5941
    5961
    6031
    5966
    5865
    5772
    6027
    5982
    6074
    6001
    5918
    5965
    5886
    6003
    5962
    5965
    6022
    6095
    5826
    5969
    5968
    5931
    5924
    5930
    5958
    5874
    5926
    5883
    5930
    5905
    5846
    5941
    5882
    5949
    6047
    5931
    5956
    5772
    6024
    5930
    5890
    5997
    5949
    5886
    5896
    5834
    5905
    5800
    5790
    5861
    5944
    5795
    5852
    5930
    5864
    5878
    5981
    5800
    5877
    5824
    5865
    5783
    5809
    5633
    5932
    5797
    5693
    5806
    5824
    5921
    5774
    5803
    5835
    5941
    5932
    5763
    5874
    5734
    5879
    5778
    5915
    5677
    5827
    5641
    5837
    5848
    5705
    5751
    5864
    5820
    5671
    5843
    5727
    5853
    5837
    5735
    5713
    5594
    5738
    5695
    5579
    5576
    5739
    5677
    5800
    5677
    5719
    5668
    5708
    5695
    5660
    5546
    5647
    5769
    5602
    5581
    5591
    5679
    5563
    5552
    5553
    5560
    5599
    5528
    5563
    5553
    5671
    5670
    5617
    5613
    5501
    5532
    5612
    5640
    5597
    5454
    5539
    5603
    5486
    5546
    5534
    5526
    5422
    5583
    5557
    5557
    5441
    5517
    5432
    5438
    5549
    5393
    5581
    5459
    5677
    5532
    5370
    5526
    5425
    5471
    5480
    5447
    5328
    5417
    5459
    5310
    5373
    5367
    5264
    5457
    5244
    5459
    5388
    5421
    5436
    5271
    5236
    5345
    5188
    5252
    5249
    5374
    5359
    5234
    5265
    5259
    5294
    5260
    5335
    5157
    5371
    5258
    5234
    5138
    5248
    5285
    5314
    5154
    5357
    5389
    5263
    5202
    5223
    5180
    5256
    5159
    5156
    5205
    5318
    5055
    4977
    5137
    5078
    5114
    5194
    5035
    5048
    5118
    5052
    5325
    5095
    5044
    5041
    5047
    4992
    4981
    5033
    5049
    5047
    5054
    5109
    5118
    4979
    4960
    4978
    4868
    5092
    4952
    4898
    4900
    4964
    4843
    4986
    4919
    4947
    4952
    4988
    4860
    4863
    4895
    4938
    4923
    4788
    4903
    4782
    4873
    4801
    4931
    4788
    4838
    4734
    4592
    4882
    4748
    4951
    4756
    4805
    4778
    4760
    4662
    4671
    4682
    4780
    4663
    4753
    4671
    4790
    4733
    4654
    4636
    4658
    4571
    4521
    4580
    4499
    4596
    4642
    4601
    4602
    4525
    4566
    4639
    4583
    4616
    4481
    4690
    4534
    4507
    4436
    4549
    4367
    4427
    4414
    4429
    4503
    4408
    4544
    4433
    4488
    4461
    4371
    4496
    4327
    4368
    4485
    4414
    4249
    4374
    4290
    4327
    4204
    4314
    4339
    4192
    4193
    4160
    4285
    4276
    4228
    4205
    4168
    4211
    4180
    4216
    4189
    4115
    4172
    4124
    4127
    4204
    4278
    4134
    4135
    4018
    4119
    4092
    3988
    4181
    3925
    4084
    4171
    4102
    4035
    4033
    3913
    4010
    3914
    4076
    3964
    3859
    3851
    3995
    3853
    3934
    4002
    3895
    4025
    3847
    3821
    3895
    3872
    3880
    3878
    3728
    3821
    3769
    3866
    3835
    3861
    3728
    3700
    3801
    3841
    3899
    3820
    3663
    3646
    3824
    3678
    3814
    3731
    3713
    3757
    3693
    3722
    3700
    3685
    3796
    3683
    3599
    3619
    3676
    3625
    3576
    3553
    3601
    3540
    3493
    3542
    3428
    3505
    3486
    3480
    3523
    3435
    3404
    3463
    3440
    3513
    3535
    3408
    3385
    3310
    3378
    3535
    3267
    3385
    3436
    3420
    3397
    3317
    3352
    3240
    3255
    3399
    3274
    3199
    3336
    3337
    3274
    3242
    3288
    3296
    3264
    3200
    3144
    3147
    3178
    3070
    3236
    3197
    3160
    3161
    3179
    3144
    3079
    3174
    3106
    3137
    3046
    3114
    3064
    3004
    3091
    2998
    2979
    2924
    2900
    2965
    2979
    2954
    3038
    2861
    2965
    2958
    2929
    2783
    2924
    2972
    2850
    2874
    2836
    2862
    2851
    2759
    2799
    2822
    2846
    2871
    2780
    2752
    2760
    2779
    2701
    2776
    2774
    2784
    2778
    2732
    2754
    2755
    2738
    2620
    2634
    2654
    2609
    2655
    2635
    2625
    2591
    2626
    2539
    2584
    2619
    2518
    2523
    2601
    2552
    2549
    2568
    2545
    2487
    2480
    2553
    2540
    2479
    2514
    2483
    2393
    2446
    2450
    2493
    2360
    2366
    2440
    2432
    2400
    2350
    2452
    2523
    2352
    2361
    2313
    2360
    2307
    2290
    2392
    2296
    2290
    2243
    2307
    2230
    2250
    2235
    2202
    2154
    2144
    2146
    2153
    2228
    2099
    2164
    2171
    2148
    2165
    2182
    2122
    2121
    2060
    2107
    2115
    2100
    2089
    2011
    2043
    2026
    1930
    2036
    2059
    1997
    1961
    2004
    1915
    1986
    2010
    1865
    1934
    1885
    1946
    1899
    1967
    1945
    1887
    1975
    1791
    1901
    1884
    1787
    1783
    1804
    1811
    1806
    1738
    1834
    1732
    1824
    1786
    1738
    1819
    1800
    1701
    1787
    1681
    1704
    1684
    1680
    1661
    1625
    1629
    1573
    1677
    1591
    1667
    1560
    1677
    1556
    1575
    1624
    1558
    1537
    1520
    1525
    1598
    1518
    1456
    1491
    1558
    1445
    1537
    1460
    1493
    1574
    1378
    1437
    1498
    1408
    1419
    1403
    1452
    1369
    1460
    1410
    1431
    1338
    1327
    1386
    1364
    1319
    1364
    1269
    1347
    1326
    1371
    1341
    1288
    1275
    1297
    1271
    1238
    1285
    1286
    1262
    1272
    1254
    1260
    1237
    1267
    1211
    1183
    1109
    1222
    1208
    1156
    1154
    1145
    1200
    1146
    1101
    1083
    1167
    1174
    1114
    1036
    1037
    1101
    1058
    1032
    1118
    1052
    1072
    1095
    1079
     979
    1023
    1056
     985
    1053
    1031
    1019
     950
     943
     944
     963
     987
     977
     918
     939
     922
     883
     939
     915
     889
     922
     877
     907
     882
     886
     861
     837
     854
     825
     810
     801
     863
     832
     822
     802
     831
     774
     761
     769
     739
     758
     817
     723
     715
     676
     711
     756
     750
     711
     693
     762
     702
     705
     691
     676
     685
     606
     667
     691
     659
     642
     630
     597
     659
     637
     656
     610
     558
     616
     607
     593
     588
     557
     577
     561
     582
     585
     578
     520
     556
     538
     513
     518
     531
     528
     519
     497
     463
     490
     463
     517
     488
     479
     440
     495
     474
     449
     453
     459
     424
     465
     440
     436
     423
     409
     428
     438
     356
     360
     359
     372
     379
     408
     373
     337
     348
     343
     372
     353
     318
     340
     317
     321
     334
     340
     309
     311
     292
     301
     323
     280
     301
     312
     297
     300
     292
     289
     265
     303
     277
     264
     288
     250
     226
     255
     240
     226
     233
     229
     227
     257
     197
     231
     211
     217
     220
     210
     205
     196
     217
     181
     191
     207
     180
     183
     168
     166
     162
     159
     164
     168
     153
     174
     158
     145
     147
     163
     158
     146
     132
     129
     150
     118
     125
     139
     151
     114
     108
     123
     111
     120
     131
     130
     108
     109
     106
      92
      98
      92
      96
      86
      99
      80
      81
      89
      72
      77
      83
      63
      73
      70
      64
      64
      66
      58
      81
      56
      61
      54
      46
      62
      54
      63
      59
      48
      71
      56
      54
      46
      42
      46
      47
      38
      36
      43
      40
      48
      47
      38
      37
      40
      45
      42
      39
      31
      39
      38
      15
      35
      45
      30
      28
      27
      23
      24
      33
      28
      28
      27
      25
      28
      26
      27
      23
      21
      22
      22
      23
      22
      25
      23
      22
      20
      22
      22
      21
      21
      24
      20
      14
      13
      22
      27
      24
      15
      29
      20
      17
      20
      18
      20
      18
      22
      18
      24
      23
      19
      21
      15
      10
      20
      15
      17
      21
      11
      21
      18
      18
      20
      12
      18
      21
      13
      14
      17
      16
      15
      27
      21
      13
      12
      16
       8
      22
      21
      17
      16
       9
      12
      18
      17
      11
      12
      16
      12
      20
      18
      17
      19
      11
      19
      13
      15
      12
      17
      18
      19
      17
      15
      17
      16
      17
      15
      13
      11
      10
      15
      17
      11
      18
      13
      14
      12
      15
      11
      14
      17
      13
      14
      18
      17
      13
      13
      18
      11
      13
      13
      10
       7
      15
      13
      15
      12
      20
      18
      12
      15
       5
      23
      12
      14
      11
      14
      10
      14
      17
       8
      11
      12
      23
      10
       7
      17
      19
      14
      14
      17
      11
      14
      11
      11
      13
       8
      20
       9
      22
      18
      16
      14
       8
      11
      14
      12
      15
      11
      13
      15
      15
       9
      11
       8
       8
      16
      11
       7
      18
      16
      16
      16
      20
      10
      12
      14
       9
      11
      15
      11
      12
      12
      23
      11
      10
      10
      13
       3
      13
      13
       8
      13
      14
       9
      22
      10
      13
       6
      11
      10
       8
      11
      16
      19
       9
       9
      14
      13
       8
      11
      13
       9
      14
      10
       7
      14
      14
       5
      15
      11
      11
      13
      11
       9
      13
       9
      11
      10
       8
       8
      10
       8
      16
      14
       6
      13
      12
      12
      14
      18
       5
      13
       8
       8
       4
      11
       7
      10
       8
       9
      15
      15
       9
      14
      14
       7
       7
      11
       9
      12
      10
       6
      10
       7
      12
       8
      12
      13
      14
      10
       6
       5
      12
       7
       6
      11
      10
       9
       7
       9
       8
      11
      16
      14
       5
      10
       7
       8
       6
       8
       6
       9
       7
      10
       8
      13
       8
      13
       4
       9
      12
       6
       5
      14
      10
      11
      10
      14
      11
       5
       4
       5
       5
      10
       9
      10
      14
      14
       4
       8
       5
      10
      11
       7
       7
       9
       8
       7
      13
       6
      11
       9
       9
      11
       9
      14
      15
       9
      16
      13
       6
      12
       8
      19
      10
       9
       8
      13
       9
      14
      14
       8
      21
       8
       7
       9
      13
       8
      10
       5
      10
      11
       9
       6
      10
      13
       7
       4
      10
      12
       9
       6
       7
      11
       9
      14
       4
      11
      15
       6
       8
      10
      14
      11
      15
       6
       9
       8
      10
      14
       5
       6
      11
       5
      10
       9
      10
       8
       8
       5
       9
      11
       8
       7
      10
      10
       5
      11
      11
      11
       8
      11
      12
      10
       8
       8
       6
       8
       7
       7
       8
      12
      10
      13
       9
       8
      15
       9
      12
      10
       5
       8
       6
       5
      16
      18
      14
       4
      16
      12
      11
      11
      12
      15
       6
      12
       6
       9
      10
      13
       9
       9
      12
      13
       6
      11
      10
      12
       8
       5
       9
      19
       5
       7
      11
      11
      12
      15
       4
      12
      10
      10
      10
      10
      18
       9
      15
       7
      10
       7
      15
      17
      11
      12
      14
       8
       9
       9
       8
       9
      13
      10
      12
      13
      11
      14
       5
      12
      24
       8
      16
      15
      10
      11
      12
      17
      11
       9
      11
      15
      13
      14
      12
      11
      14
      14
      16
      20
      10
       6
      22
      17
       9
      18
      11
      18
      18
      12
     185
     195
     168
     172
     179
     172
     174
     171
     169
     195
     156
     159
     165
     197
     164
     192
     185
     177
     165
     167
     159
     194
     153
     153
     151
     162
     155
     188
     159
     167
     172
     165
     142
     173
     155
     150
     150
     162
     143
     129
     179
     227
     341
     414
     489
     586
$ROI:
0
$PRESETS:
None
0
0
$ENER_FIT:
0.000000 0.000000
$MCA_CAL:
3
0.000000E+000 0.000000E+000 0.000000E+000
$SHAPE_CAL:
3
0.000000E+000 0.000000E+000 0.000000E+000
