$SPEC_ID:
ThO2
$SPEC_REM:
DET# 2
DETDESC# GAMMARAY MCB 25
AP# Maestro Version 5.34
$DATE_MEA:
01/30/2018 15:01:21
$MEAS_TIM:
140 3131
$DATA:
0 2047
     433
     533
   11266
   76494
   66795
   42061
   24038
   13862
    8439
    5771
    4686
    4279
    4190
    4212
    4408
    4525
    4652
    5100
    5680
    6196
    6900
    8944
   14962
   28453
   47569
   60390
   59115
   46495
   31929
   20413
   12952
    8041
    5690
    4242
    3800
    3605
    3472
    3432
    3627
    3524
    3645
    3569
    3637
    3664
    3502
    3510
    3659
    3582
    3532
    3594
    3691
    3616
    3710
    3808
    3714
    3712
    3836
    3845
    3855
    3756
    3828
    3757
    3835
    3794
    3783
    3854
    3903
    3896
    3890
    3847
    3910
    3959
    3999
    3907
    3996
    3912
    4070
    3927
    4076
    3948
    4064
    4002
    3933
    3963
    4102
    3991
    4042
    4184
    4092
    4014
    4102
    4099
    4119
    4133
    4106
    4058
    4154
    4151
    4163
    4129
    4218
    4152
    4208
    4193
    4303
    4323
    4227
    4238
    4333
    4232
    4207
    4227
    4299
    4250
    4434
    4415
    4317
    4385
    4391
    4426
    4466
    4320
    4451
    4525
    4358
    4384
    4480
    4502
    4453
    4513
    4494
    4481
    4544
    4582
    4504
    4558
    4519
    4375
    4544
    4712
    4654
    4502
    4586
    4592
    4574
    4585
    4510
    4664
    4702
    4694
    4708
    4774
    4618
    4833
    4741
    4744
    4730
    4598
    4640
    4761
    4820
    4802
    4792
    4800
    4766
    4767
    4896
    4951
    4840
    4945
    4908
    4805
    4841
    4926
    5014
    4916
    4895
    4918
    4945
    5006
    4942
    4869
    5033
    4984
    4970
    4928
    4973
    5047
    5139
    5074
    5101
    4927
    5000
    5087
    5083
    5083
    4990
    4995
    5021
    4933
    5111
    5208
    5158
    5244
    5113
    5102
    4998
    5329
    4984
    5110
    5147
    5143
    5299
    5138
    5253
    5187
    5282
    5062
    5361
    5219
    5211
    5320
    5228
    5279
    5275
    5348
    5293
    5271
    5220
    5252
    5263
    5327
    5406
    5324
    5341
    5412
    5390
    5315
    5252
    5426
    5406
    5356
    5236
    5324
    5388
    5366
    5473
    5498
    5505
    5383
    5338
    5475
    5498
    5500
    5541
    5397
    5721
    5447
    5344
    5538
    5554
    5493
    5393
    5575
    5515
    5628
    5418
    5567
    5698
    5647
    5475
    5365
    5519
    5429
    5523
    5641
    5661
    5591
    5539
    5614
    5667
    5608
    5521
    5616
    5696
    5476
    5712
    5606
    5719
    5602
    5573
    5522
    5575
    5723
    5732
    5733
    5632
    5800
    5723
    5738
    5743
    5810
    5740
    5635
    5818
    5876
    5816
    5909
    5809
    5821
    6012
    5904
    5867
    5901
    5852
    5793
    5805
    5902
    5952
    5951
    6031
    5908
    6047
    5895
    5970
    6011
    5966
    6066
    6161
    5993
    6098
    6132
    6044
    6072
    6263
    6057
    6089
    6060
    6202
    6061
    6016
    6189
    6092
    6073
    6188
    6072
    6166
    6226
    6123
    6228
    5993
    6357
    6229
    6128
    6107
    6270
    6264
    6266
    6288
    6287
    6330
    6179
    6155
    6272
    6082
    6255
    6300
    6032
    6333
    6297
    6337
    6330
    6145
    6108
    6169
    6249
    6157
    6211
    6179
    6283
    6314
    6250
    6404
    6307
    6374
    6497
    6200
    6261
    6297
    6252
    6386
    6322
    6335
    6507
    6378
    6306
    6196
    6400
    6466
    6401
    6362
    6411
    6313
    6390
    6275
    6298
    6330
    6304
    6471
    6271
    6233
    6250
    6357
    6389
    6510
    6407
    6300
    6318
    6458
    6484
    6350
    6331
    6377
    6481
    6320
    6451
    6358
    6388
    6457
    6413
    6300
    6354
    6375
    6235
    6352
    6327
    6439
    6190
    6515
    6315
    6342
    6241
    6351
    6214
    6369
    6386
    6351
    6341
    6446
    6223
    6477
    6411
    6362
    6375
    6630
    6354
    6430
    6315
    6460
    6407
    6391
    6362
    6291
    6432
    6317
    6302
    6318
    6531
    6577
    6489
    6340
    6319
    6508
    6413
    6307
    6524
    6297
    6308
    6523
    6393
    6514
    6443
    6478
    6358
    6394
    6520
    6218
    6380
    6357
    6461
    6486
    6370
    6372
    6299
    6406
    6466
    6483
    6467
    6425
    6503
    6534
    6514
    6372
    6399
    6348
    6358
    6398
    6499
    6437
    6271
    6212
    6504
    6435
    6521
    6425
    6380
    6396
    6330
    6465
    6408
    6342
    6472
    6567
    6242
    6414
    6424
    6417
    6340
    6375
    6428
    6308
    6364
    6321
    6364
    6330
    6288
    6369
    6333
    6388
    6495
    6371
    6381
    6235
    6478
    6432
    6330
    6447
    6381
    6319
    6331
    6271
    6339
    6262
    6197
    6322
    6382
    6243
    6302
    6387
    6292
    6323
    6459
    6246
    6312
    6275
    6301
    6207
    6257
    6054
    6364
    6193
    6104
    6268
    6294
    6355
    6227
    6236
    6270
    6363
    6404
    6216
    6322
    6174
    6328
    6221
    6377
    6147
    6264
    6073
    6273
    6275
    6132
    6165
    6291
    6246
    6110
    6283
    6118
    6296
    6288
    6182
    6163
    6024
    6180
    6141
    5989
    6002
    6202
    6074
    6199
    6079
    6135
    6110
    6136
    6101
    6086
    5982
    6063
    6204
    6009
    5957
    5985
    6173
    6032
    5974
    5997
    5948
    6035
    5940
    5990
    5966
    6076
    6054
    6027
    6045
    5888
    5945
    6025
    6050
    6017
    5870
    5967
    6022
    5936
    5950
    5982
    5952
    5828
    5977
    6007
    6001
    5841
    5936
    5868
    5839
    5968
    5821
    5977
    5858
    6057
    5923
    5775
    5932
    5832
    5871
    5900
    5878
    5720
    5791
    5882
    5733
    5761
    5784
    5664
    5877
    5639
    5878
    5815
    5816
    5851
    5658
    5627
    5755
    5594
    5649
    5664
    5793
    5757
    5623
    5652
    5676
    5697
    5661
    5755
    5587
    5747
    5666
    5608
    5513
    5633
    5664
    5737
    5540
    5759
    5779
    5641
    5599
    5633
    5589
    5636
    5529
    5533
    5567
    5730
    5434
    5337
    5519
    5483
    5506
    5592
    5465
    5449
    5488
    5441
    5714
    5487
    5413
    5422
    5411
    5330
    5414
    5424
    5435
    5441
    5412
    5499
    5480
    5360
    5348
    5340
    5238
    5472
    5297
    5277
    5270
    5342
    5263
    5346
    5311
    5309
    5327
    5347
    5271
    5209
    5255
    5334
    5290
    5145
    5276
    5167
    5236
    5156
    5262
    5153
    5197
    5055
    4925
    5239
    5125
    5329
    5093
    5138
    5107
    5154
    5020
    5021
    5045
    5157
    5027
    5117
    5007
    5145
    5085
    5011
    4960
    4978
    4924
    4873
    4931
    4832
    4984
    4998
    4925
    4965
    4828
    4930
    4963
    4951
    4946
    4817
    5014
    4895
    4859
    4766
    4911
    4724
    4799
    4748
    4763
    4861
    4749
    4914
    4746
    4852
    4777
    4710
    4813
    4663
    4707
    4778
    4764
    4556
    4691
    4616
    4629
    4524
    4636
    4684
    4512
    4497
    4505
    4596
    4598
    4568
    4578
    4475
    4517
    4533
    4521
    4502
    4415
    4507
    4415
    4410
    4527
    4594
    4454
    4443
    4314
    4448
    4420
    4308
    4515
    4255
    4380
    4493
    4392
    4345
    4337
    4215
    4329
    4213
    4386
    4260
    4153
    4151
    4281
    4146
    4232
    4315
    4189
    4357
    4143
    4130
    4191
    4160
    4170
    4157
    4018
    4133
    4051
    4147
    4105
    4170
    4023
    4000
    4098
    4137
    4200
    4112
    3964
    3938
    4111
    3955
    4099
    4024
    4022
    4040
    3994
    4006
    3960
    3959
    4079
    3971
    3893
    3903
    3944
    3905
    3869
    3816
    3928
    3803
    3748
    3798
    3706
    3776
    3775
    3742
    3794
    3702
    3678
    3732
    3699
    3783
    3798
    3655
    3650
    3540
    3623
    3771
    3519
    3668
    3686
    3698
    3670
    3574
    3621
    3456
    3528
    3671
    3509
    3469
    3570
    3590
    3546
    3497
    3529
    3548
    3542
    3456
    3398
    3362
    3415
    3291
    3463
    3418
    3368
    3404
    3429
    3381
    3317
    3411
    3361
    3358
    3267
    3325
    3323
    3237
    3343
    3207
    3214
    3148
    3098
    3204
    3188
    3210
    3258
    3075
    3224
    3178
    3184
    3027
    3165
    3225
    3074
    3101
    3068
    3068
    3064
    2979
    3037
    3073
    3060
    3087
    2989
    2957
    2979
    2992
    2914
    2958
    2971
    2977
    2989
    2939
    2958
    2962
    2921
    2821
    2853
    2849
    2811
    2858
    2847
    2822
    2788
    2832
    2740
    2789
    2842
    2720
    2726
    2801
    2762
    2753
    2749
    2751
    2667
    2694
    2742
    2730
    2686
    2707
    2652
    2597
    2629
    2649
    2679
    2566
    2559
    2622
    2630
    2586
    2545
    2659
    2718
    2526
    2548
    2503
    2557
    2492
    2460
    2597
    2469
    2470
    2386
    2472
    2400
    2442
    2411
    2389
    2323
    2309
    2345
    2339
    2407
    2270
    2317
    2338
    2313
    2330
    2338
    2279
    2289
    2226
    2286
    2289
    2263
    2239
    2174
    2211
    2189
    2069
    2220
    2217
    2139
    2128
    2148
    2064
    2141
    2177
    2015
    2089
    2054
    2107
    2036
    2110
    2087
    2021
    2131
    1913
    2040
    2043
    1933
    1938
    1943
    1933
    1948
    1874
    1990
    1882
    1941
    1942
    1867
    1954
    1928
    1832
    1921
    1819
    1836
    1816
    1799
    1810
    1771
    1773
    1714
    1808
    1707
    1791
    1680
    1810
    1666
    1710
    1738
    1685
    1650
    1652
    1639
    1715
    1635
    1585
    1612
    1667
    1568
    1659
    1575
    1597
    1675
    1511
    1559
    1606
    1530
    1546
    1493
    1569
    1479
    1552
    1522
    1563
    1438
    1440
    1493
    1487
    1445
    1474
    1381
    1458
    1405
    1473
    1455
    1404
    1363
    1388
    1365
    1344
    1379
    1385
    1391
    1381
    1351
    1366
    1345
    1356
    1305
    1265
    1207
    1310
    1308
    1256
    1248
    1260
    1303
    1233
    1194
    1179
    1258
    1260
    1212
    1125
    1111
    1185
    1138
    1118
    1199
    1132
    1158
    1160
    1144
    1064
    1108
    1130
    1062
    1124
    1108
    1087
    1018
    1023
    1031
    1045
    1088
    1053
    1003
     999
     979
     948
    1022
     986
     966
    1003
     937
     989
     940
     970
     925
     902
     915
     906
     890
     865
     924
     897
     878
     858
     893
     838
     833
     826
     810
     825
     889
     790
     760
     725
     782
     814
     810
     768
     754
     820
     760
     749
     749
     728
     742
     653
     713
     750
     721
     682
     685
     650
     715
     702
     704
     679
     627
     666
     658
     633
     633
     609
     620
     611
     631
     639
     617
     561
     591
     585
     552
     568
     574
     566
     570
     538
     510
     536
     505
     554
     536
     519
     476
     538
     518
     492
     492
     493
     462
     503
     480
     478
     466
     445
     464
     481
     394
     396
     403
     408
     420
     435
     394
     367
     371
     376
     397
     379
     357
     381
     340
     350
     371
     366
     345
     341
     322
     324
     353
     314
     328
     342
     327
     321
     323
     305
     297
     321
     297
     275
     317
     269
     250
     272
     264
     251
     255
     254
     237
     275
     217
     245
     234
     240
     252
     229
     228
     214
     238
     203
     205
     230
     207
     194
     190
     183
     176
     170
     186
     186
     160
     194
     169
     164
     165
     175
     174
     159
     143
     145
     158
     133
     140
     155
     163
     131
     122
     139
     126
     133
     146
     147
     115
     115
     115
     103
     107
     100
     105
      96
     107
      92
      93
      96
      81
      90
      91
      66
      79
      79
      71
      69
      72
      61
      91
      63
      63
      61
      54
      70
      56
      71
      65
      54
      78
      58
      61
      51
      45
      50
      52
      44
      45
      46
      44
      54
      52
      40
      39
      44
      46
      47
      40
      35
      43
      40
      19
      42
      48
      34
      30
      36
      25
      28
      37
      28
      35
      32
      27
      31
      28
      28
      23
      25
      29
      26
      28
      24
      29
      24
      25
      21
      24
      25
      24
      25
      25
      21
      14
      14
      26
      28
      27
      19
      30
      23
      19
      24
      22
      21
      19
      23
      18
      25
      24
      20
      23
      15
      10
      21
      15
      17
      23
      15
      24
      19
      21
      24
      13
      19
      22
      17
      18
      21
      17
      19
      27
      21
      13
      15
      17
      10
      22
      22
      18
      16
      10
      14
      18
      19
      15
      16
      16
      15
      21
      19
      19
      20
      13
      22
      14
      15
      16
      17
      19
      22
      19
      15
      19
      16
      17
      18
      14
      13
      13
      15
      19
      12
      19
      14
      16
      12
      17
      14
      15
      18
      17
      16
      18
      20
      14
      15
      20
      16
      14
      14
      11
       7
      16
      15
      21
      13
      22
      19
      14
      16
       6
      23
      13
      15
      11
      15
      12
      16
      20
       9
      13
      14
      25
      10
       9
      19
      20
      15
      14
      17
      11
      15
      12
      13
      13
       9
      21
      11
      24
      20
      17
      15
      11
      11
      14
      13
      16
      12
      15
      17
      15
      10
      13
       8
       8
      19
      12
       7
      20
      16
      18
      16
      20
      11
      15
      17
      10
      12
      16
      14
      12
      12
      26
      12
      11
      10
      14
       6
      15
      14
      11
      18
      15
      10
      23
      10
      14
       8
      14
      12
      10
      12
      16
      19
      10
      13
      14
      16
       8
      11
      16
      12
      16
      10
       8
      15
      15
       6
      15
      11
      12
      15
      13
       9
      17
      11
      12
      11
       8
      10
      12
       9
      19
      17
       8
      13
      16
      13
      17
      19
       6
      13
      11
       9
       5
      11
       7
      11
      10
      12
      17
      15
      11
      15
      17
       9
       8
      11
      12
      13
      11
       6
      11
       8
      13
       9
      14
      14
      15
      11
       6
       5
      12
       9
       6
      11
      10
      11
      10
      11
       8
      13
      19
      14
       6
      11
       8
       9
       9
       9
       9
      10
       9
      11
      10
      14
       8
      15
       4
      10
      13
       8
       6
      15
      11
      12
      12
      15
      11
       5
       7
       7
       7
      13
      11
      13
      15
      15
       5
      10
       5
      10
      12
       9
       7
      10
       9
       7
      16
       6
      13
      10
       9
      12
      11
      15
      16
      10
      17
      14
       6
      14
      10
      19
      10
      11
      10
      15
       9
      14
      19
      10
      21
       8
       8
      11
      15
       8
      11
       7
      12
      11
      10
       6
      11
      15
       9
       5
      13
      13
       9
       6
       7
      11
      11
      15
       4
      11
      15
       7
       8
      10
      16
      11
      15
       9
      10
       9
      13
      16
       6
       6
      12
       6
      11
      10
      11
       8
       8
       6
       9
      12
       8
       9
      11
      10
       8
      12
      12
      13
       9
      16
      12
      11
      10
       8
       8
       9
       8
       9
       8
      13
      12
      13
      10
      10
      18
      12
      12
      11
       7
       9
       7
       6
      17
      21
      16
       5
      16
      15
      11
      13
      14
      16
       7
      12
       8
      11
      10
      13
      10
      10
      13
      15
       8
      11
      11
      15
       9
       5
      11
      21
       7
      11
      12
      12
      12
      18
       7
      12
      11
      11
      11
      11
      18
      10
      15
       9
      12
       9
      16
      19
      15
      16
      17
       8
      10
      10
      11
      10
      15
      13
      14
      16
      17
      16
       6
      14
      24
      10
      17
      18
      12
      14
      14
      21
      14
      12
      11
      16
      19
      15
      13
      15
      14
      15
      17
      20
      11
       8
      26
      24
      14
      19
      14
      22
      21
      13
     219
     225
     206
     198
     211
     196
     193
     204
     197
     227
     190
     187
     194
     228
     195
     221
     215
     197
     191
     192
     181
     215
     188
     182
     185
     188
     182
     218
     179
     194
     195
     197
     168
     204
     180
     176
     169
     179
     169
     160
     212
     257
     379
     453
     524
     618
$ROI:
0
$PRESETS:
None
0
0
$ENER_FIT:
0.000000 0.000000
$MCA_CAL:
3
0.000000E+000 0.000000E+000 0.000000E+000
$SHAPE_CAL:
3
0.000000E+000 0.000000E+000 0.000000E+000
