$SPEC_ID:
ThO2
$SPEC_REM:
DET# 2
DETDESC# GAMMARAY MCB 25
AP# Maestro Version 5.34
$DATE_MEA:
01/30/2018 15:01:21
$MEAS_TIM:
17 308
$DATA:
0 2047
     114
     119
    1156
    8181
    9905
    8792
    6536
    4346
    2610
    1602
    1088
     862
     791
     789
     824
     842
     827
     999
    1160
    1214
    1336
    1635
    2483
    4145
    6289
    7867
    8305
    7519
    6197
    4717
    3373
    2087
    1386
     902
     720
     699
     588
     587
     647
     588
     638
     609
     600
     636
     597
     583
     642
     608
     593
     623
     638
     624
     599
     631
     607
     647
     640
     621
     624
     654
     675
     637
     651
     630
     624
     661
     610
     675
     661
     639
     625
     678
     631
     670
     712
     629
     713
     654
     673
     697
     717
     682
     640
     677
     726
     658
     674
     692
     669
     691
     655
     685
     735
     705
     698
     727
     695
     722
     692
     690
     706
     705
     728
     728
     713
     712
     764
     726
     779
     757
     727
     720
     732
     774
     749
     777
     744
     766
     784
     743
     788
     776
     774
     731
     729
     742
     761
     793
     740
     743
     734
     729
     706
     854
     786
     748
     743
     725
     784
     829
     798
     786
     752
     779
     777
     818
     781
     775
     812
     779
     815
     818
     787
     840
     806
     818
     787
     805
     753
     796
     803
     844
     822
     822
     846
     859
     829
     858
     792
     803
     817
     799
     855
     826
     810
     867
     831
     831
     795
     899
     864
     766
     863
     839
     853
     860
     839
     881
     934
     922
     872
     836
     821
     832
     852
     862
     831
     856
     887
     867
     880
     879
     878
     893
     843
     891
     851
     941
     804
     931
     915
     811
     835
     864
     868
     886
     890
     895
     892
     908
     906
     895
     902
     896
     904
     946
     883
     902
     873
     906
     857
     926
     918
     876
     942
     933
     927
     891
     969
     949
     902
     948
     898
     943
     916
     885
     929
     945
     998
     926
     867
     936
     930
     969
     934
     922
     991
     957
     906
     975
     949
     910
     944
     919
     952
     940
     864
     968
     936
     975
     961
     906
     954
     956
     915
     986
     990
     969
     908
     978
     971
     922
     941
     897
     948
     925
    1017
     937
     958
     925
     979
     932
     947
     962
     945
    1017
     967
    1004
     970
    1010
    1003
     975
     994
     979
    1010
    1006
    1004
     985
    1000
     913
    1065
    1016
    1039
     966
     984
     982
     999
    1024
     987
     957
    1083
    1022
     992
    1003
    1063
    1034
    1003
    1053
    1005
    1051
    1035
    1058
    1034
    1053
    1062
    1043
    1070
    1053
    1056
    1033
     975
    1085
    1067
    1033
    1018
    1060
    1070
    1105
    1037
    1086
     987
    1103
    1064
    1011
    1082
    1132
    1046
    1105
    1050
    1059
    1067
    1057
    1050
    1059
    1020
    1034
    1089
    1045
    1097
    1064
    1140
    1067
    1104
    1129
    1083
    1084
     999
    1052
    1049
    1109
    1038
    1053
    1057
    1091
    1098
    1069
    1053
    1070
    1086
    1092
    1067
    1043
    1069
    1061
    1037
    1077
    1033
    1080
    1101
    1051
    1090
    1085
    1088
    1073
    1045
    1052
    1065
    1116
    1090
    1079
    1116
    1079
    1113
    1073
    1127
    1049
    1081
    1061
    1100
    1134
    1071
    1115
    1126
    1128
    1085
    1117
    1105
    1059
    1125
    1128
    1080
    1110
    1150
    1038
    1067
    1044
    1098
    1104
    1093
    1100
    1095
    1023
    1089
    1072
    1126
    1096
    1096
    1082
    1066
    1098
    1124
    1114
    1051
    1068
    1084
    1050
    1076
    1031
    1046
    1114
    1053
    1113
    1046
    1124
    1122
    1072
    1106
    1092
    1073
    1121
    1084
    1006
    1104
    1097
    1101
    1097
    1080
    1093
    1089
    1075
    1119
    1129
    1060
    1056
    1131
    1128
    1066
    1085
    1052
    1118
    1092
    1069
    1090
    1140
    1084
    1077
    1089
    1094
    1125
    1054
    1133
    1189
    1121
    1121
    1096
    1122
    1113
    1066
    1145
    1078
    1052
    1105
    1126
    1088
    1114
    1022
    1147
    1047
    1081
    1112
    1083
    1067
    1106
    1086
    1083
    1099
    1139
    1049
    1082
    1098
    1057
    1044
    1065
    1092
    1121
    1036
    1110
    1069
    1070
    1118
    1063
    1061
    1083
    1081
    1069
    1050
    1073
    1075
    1027
    1055
    1001
    1016
    1065
    1023
    1074
    1078
    1073
    1114
    1085
    1075
    1102
    1128
    1031
    1016
    1031
    1071
    1078
    1031
    1044
    1057
    1109
     997
    1074
    1072
    1018
    1100
    1036
    1071
    1116
    1080
    1069
    1103
    1060
    1076
    1043
    1142
    1058
    1096
     992
    1093
    1052
    1032
    1084
    1033
    1061
     995
    1072
    1021
    1022
    1044
    1049
    1036
     984
    1051
    1037
    1033
     978
    1041
    1010
    1104
     979
    1071
    1060
    1093
    1078
    1038
     971
    1024
    1062
     997
     968
    1006
    1038
     977
     963
    1019
    1046
     976
    1018
    1021
     980
    1022
    1018
     979
    1026
     953
     983
    1003
    1037
    1057
     990
    1000
    1032
     999
     938
     997
    1010
     958
    1029
     989
    1034
     976
    1016
     985
     997
     958
     928
    1011
     952
    1089
    1004
     942
    1021
    1007
     965
     945
    1014
     971
    1024
     959
     982
     949
     969
     995
     976
     999
     965
     978
    1007
    1052
     936
     915
     966
     935
     947
     976
     977
    1005
     945
     953
     959
     942
     971
     976
     961
     974
     964
     949
     925
     962
     955
     947
     897
     944
     982
     961
     932
     956
     978
     952
     963
     894
     938
     975
     904
     912
     891
     888
     916
     921
     889
     903
     896
     890
     919
     901
     890
     913
     920
     896
     898
     892
     951
     894
     944
     951
     899
     898
     886
     910
     861
     943
     882
     885
     921
     895
     819
     881
     902
     885
     857
     853
     860
     881
     875
     889
     898
     886
     936
     858
     897
     866
     882
     868
     860
     793
     803
     912
     868
     914
     805
     927
     852
     866
     817
     795
     849
     883
     812
     851
     830
     893
     844
     882
     825
     837
     832
     789
     845
     781
     820
     828
     814
     790
     811
     823
     829
     861
     779
     860
     857
     842
     780
     806
     787
     796
     773
     838
     797
     793
     801
     814
     815
     778
     799
     798
     795
     717
     739
     800
     806
     735
     773
     782
     785
     769
     727
     766
     752
     804
     722
     785
     779
     731
     768
     734
     754
     703
     732
     688
     764
     708
     796
     730
     752
     771
     725
     769
     699
     717
     717
     743
     742
     705
     743
     725
     744
     668
     736
     706
     733
     683
     743
     720
     707
     720
     683
     659
     676
     725
     708
     742
     708
     634
     665
     704
     723
     680
     664
     647
     685
     673
     660
     739
     673
     668
     651
     667
     689
     630
     639
     647
     687
     666
     684
     649
     694
     637
     659
     650
     613
     666
     659
     677
     614
     700
     690
     638
     655
     639
     649
     594
     645
     600
     585
     602
     641
     578
     646
     627
     610
     657
     648
     624
     649
     576
     600
     619
     649
     636
     543
     599
     663
     608
     610
     571
     609
     576
     600
     621
     584
     566
     579
     582
     607
     587
     576
     568
     566
     547
     522
     571
     551
     546
     576
     520
     584
     531
     567
     540
     529
     568
     577
     508
     516
     541
     510
     520
     518
     553
     548
     486
     473
     533
     536
     520
     533
     508
     543
     543
     534
     449
     501
     537
     496
     511
     499
     479
     504
     490
     456
     469
     495
     488
     476
     526
     454
     460
     505
     478
     476
     464
     467
     510
     470
     499
     478
     457
     443
     463
     470
     470
     474
     462
     402
     468
     454
     434
     459
     413
     445
     437
     404
     476
     403
     452
     419
     425
     415
     448
     444
     430
     394
     357
     396
     445
     434
     388
     395
     436
     435
     414
     407
     448
     428
     372
     370
     416
     413
     383
     384
     405
     396
     383
     375
     405
     391
     381
     388
     403
     406
     371
     354
     370
     386
     349
     376
     342
     382
     374
     365
     334
     373
     342
     370
     360
     350
     354
     347
     350
     363
     321
     344
     349
     318
     350
     328
     323
     364
     349
     321
     314
     328
     351
     300
     333
     321
     304
     338
     306
     306
     331
     284
     277
     304
     322
     316
     287
     304
     306
     304
     289
     305
     307
     279
     309
     275
     270
     307
     273
     291
     249
     284
     270
     257
     286
     267
     303
     279
     299
     256
     260
     296
     270
     225
     233
     247
     253
     272
     242
     256
     264
     238
     252
     224
     274
     263
     240
     225
     238
     235
     232
     228
     230
     216
     239
     240
     234
     221
     203
     210
     229
     218
     227
     196
     218
     215
     238
     221
     220
     184
     210
     219
     210
     227
     220
     201
     209
     198
     200
     202
     215
     190
     183
     160
     214
     196
     186
     178
     176
     183
     171
     169
     164
     182
     207
     177
     175
     159
     202
     180
     173
     178
     169
     189
     175
     149
     163
     206
     162
     163
     176
     176
     158
     145
     132
     149
     155
     141
     140
     157
     128
     176
     151
     157
     135
     140
     163
     136
     145
     153
     142
     155
     149
     126
     130
     126
     137
     124
     120
     127
     123
     142
     102
     137
     122
     108
     114
     119
     128
     106
     125
     126
     110
     104
     114
      89
     131
     114
     116
     120
      98
     119
      90
      94
      96
      80
      97
      96
      78
     106
      96
     111
      99
      84
      92
      97
      93
      88
      79
      84
      80
      86
      88
      90
      76
      73
      68
      75
      73
      75
      80
      78
      66
      68
      62
      59
      79
      70
      72
      63
      75
      67
      83
      59
      76
      71
      53
      63
      60
      62
      61
      52
      66
      52
      44
      57
      48
      56
      51
      57
      47
      54
      41
      60
      53
      48
      42
      33
      48
      46
      43
      38
      44
      37
      36
      55
      46
      47
      45
      31
      29
      34
      37
      39
      39
      44
      39
      35
      36
      41
      32
      39
      30
      29
      27
      28
      30
      25
      30
      28
      14
      30
      25
      26
      28
      25
      26
      25
      32
      16
      18
      22
      29
      28
      17
      13
      15
      14
      16
      11
      14
      19
      14
      17
      11
      17
      12
      15
      15
      14
      12
      17
      13
      14
      13
      18
      17
      19
      14
      19
      10
      10
       8
      18
       4
      17
      10
       9
      13
       3
       8
       8
       8
       9
       7
       8
       6
       9
       8
      10
       6
      14
       7
       6
       3
       4
      11
       5
       6
       8
      12
       8
       3
       4
       3
       9
       6
       8
       4
       4
       6
       6
       8
       6
       3
       6
       7
       2
       2
       5
       1
       2
       5
       2
       3
       3
       5
       2
       5
       0
       3
       4
       1
       4
       7
       8
       2
       5
       2
       4
       2
       5
       6
       3
       5
       1
       1
       1
       3
       3
       2
       2
       2
       5
       2
       1
       2
       2
       3
       3
       4
       3
       6
       1
       1
       3
       4
       3
       4
       3
       2
       1
       2
       1
       4
       2
       2
       1
       1
       4
       2
       5
       2
       4
       3
       3
       4
       3
       1
       2
       4
       2
       2
       2
       2
       2
       1
       2
       3
       3
       2
       4
       1
       2
       4
       2
       2
       0
       3
       3
       1
       3
       4
       8
       2
       2
       4
       2
       1
       1
       2
       3
       1
       3
       2
       3
       2
       3
       5
       4
       1
       1
       1
       1
       3
       4
       4
       2
       1
       0
       2
       4
       1
       2
       1
       2
       3
       1
       2
       4
       2
       2
       0
       0
       1
       4
       1
       2
       3
       7
       5
       3
       1
       3
       2
       0
       6
       2
       3
       3
       4
       3
       1
       3
       4
       3
       1
       0
       3
       3
       3
       5
       3
       1
       3
       1
       4
       2
       0
       8
       3
       5
       5
       3
       4
       1
       5
       1
       1
       2
       1
       3
       2
       2
       0
       1
       0
       0
       5
       5
       0
       0
       4
       2
       1
       5
       2
       1
       4
       2
       2
       3
       1
       2
       2
       2
       2
       3
       2
       1
       0
       1
       2
       2
       3
       1
       3
       5
       0
       1
       4
       3
       4
       1
       2
       2
       5
       2
       1
       2
       4
       3
       1
       2
       2
       0
       4
       1
       3
       1
       0
       3
       0
       2
       1
       1
       0
       5
       1
       1
       1
       0
       3
       1
       0
       4
       0
       1
       4
       1
       1
       0
       4
       0
       3
       1
       1
       1
       4
       4
       0
       2
       3
       0
       3
       1
       1
       2
       1
       1
       3
       1
       1
       3
       2
       4
       1
       1
       1
       3
       2
       1
       2
       0
       0
       4
       1
       0
       3
       0
       3
       1
       2
       1
       1
       1
       4
       1
       2
       1
       2
       0
       1
       2
       2
       1
       2
       2
       2
       1
       4
       1
       3
       1
       1
       1
       1
       0
       0
       2
       1
       0
       0
       1
       2
       0
       1
       1
       2
       3
       1
       0
       2
       0
       2
       1
       2
       0
       0
       0
       3
       2
       1
       2
       1
       1
       3
       1
       3
       6
       0
       0
       3
       0
       4
       3
       5
       4
       0
       0
       0
       3
       3
       1
       1
       3
       3
       1
       3
       0
       2
       3
       2
       2
       3
       0
       0
       1
       1
       0
       0
       0
       2
       1
       0
       2
       2
       1
       1
       1
       0
       0
       1
       1
       0
       1
       4
       1
       0
       0
       1
       1
       0
       2
       1
       0
       1
       0
       1
       1
       0
       0
       0
       1
       1
       0
       1
       0
       0
       0
       1
       3
       1
       1
       2
       3
       3
       1
       1
       2
       2
       0
       2
       1
       1
       1
       2
       1
       1
       5
       0
       3
       0
       0
       0
       1
       1
       2
       4
       2
       0
       5
       2
       1
       1
       3
       1
       1
       1
       0
       1
       0
       3
       1
       2
       1
       1
       1
       2
       2
       4
       3
       0
       1
       2
       0
       1
       0
       2
       1
       0
       0
       1
       2
       0
       1
       1
       2
       0
       2
       0
       0
       2
       5
       2
       1
       0
       3
       1
       4
       2
       0
       1
       2
       3
       1
       0
       1
       3
       0
       1
       3
       1
       4
       3
       1
       3
       2
       1
       2
       1
       1
       0
       1
       1
       1
       1
       3
       2
       3
       4
       2
       2
       2
       2
       0
       1
       1
       1
       1
       2
      24
      21
      14
      18
      23
      23
      18
      16
      27
      24
      16
      20
      17
      27
      12
      17
      21
      18
      13
      19
      16
      16
      13
      18
      19
       9
      17
      22
      22
      20
      24
      21
      15
      16
      15
      22
      11
      17
      11
       6
      13
      20
      49
      80
     116
     129
$ROI:
0
$PRESETS:
None
0
0
$ENER_FIT:
0.000000 0.000000
$MCA_CAL:
3
0.000000E+000 0.000000E+000 0.000000E+000
$SHAPE_CAL:
3
0.000000E+000 0.000000E+000 0.000000E+000
