$SPEC_ID:
ThO2
$SPEC_REM:
DET# 2
DETDESC# GAMMARAY MCB 25
AP# Maestro Version 5.34
$DATE_MEA:
01/23/2018 15:51:24
$MEAS_TIM:
6 203
$DATA:
0 2047
      18
      27
     525
    2343
     964
     457
     440
     452
     428
     377
     335
     310
     373
     373
     376
     336
     389
     406
     435
     426
     455
     570
     719
     946
    1547
    2201
    2740
    2892
    2603
    2061
    1457
    1132
     837
     705
     579
     556
     546
     540
     424
     458
     438
     425
     425
     459
     438
     456
     441
     460
     428
     452
     482
     505
     531
     624
     731
     871
     882
    1081
    1218
    1487
    1537
    1393
    1305
    1120
    1000
     865
     836
     841
     783
     722
     702
     632
     614
     533
     463
     441
     450
     365
     403
     373
     366
     398
     365
     408
     413
     392
     383
     431
     421
     407
     417
     417
     336
     385
     390
     421
     406
     404
     425
     397
     364
     418
     386
     424
     421
     401
     411
     391
     445
     402
     402
     395
     375
     403
     417
     403
     430
     447
     423
     410
     417
     455
     427
     454
     438
     414
     474
     401
     435
     431
     496
     476
     488
     479
     518
     533
     489
     490
     543
     566
     547
     557
     590
     610
     569
     631
     578
     602
     632
     622
     617
     597
     571
     583
     597
     637
     604
     575
     578
     566
     595
     582
     578
     545
     584
     598
     558
     545
     527
     618
     534
     559
     565
     563
     573
     576
     530
     542
     564
     508
     529
     526
     516
     538
     509
     559
     540
     462
     509
     534
     540
     557
     528
     570
     507
     507
     506
     484
     507
     568
     529
     545
     465
     532
     524
     478
     489
     483
     519
     504
     522
     525
     480
     504
     502
     549
     471
     514
     512
     452
     458
     548
     499
     508
     512
     532
     514
     506
     511
     475
     486
     491
     512
     478
     478
     506
     511
     477
     495
     492
     482
     489
     497
     488
     514
     498
     511
     505
     468
     488
     508
     509
     480
     465
     525
     496
     503
     503
     533
     483
     490
     521
     500
     515
     543
     512
     511
     501
     567
     505
     521
     507
     525
     508
     511
     531
     509
     496
     511
     486
     523
     533
     544
     492
     521
     519
     510
     524
     566
     530
     529
     567
     579
     535
     537
     545
     584
     527
     547
     566
     534
     558
     560
     616
     575
     574
     577
     588
     537
     575
     568
     561
     548
     586
     609
     614
     588
     610
     588
     587
     587
     566
     602
     585
     606
     590
     580
     594
     560
     552
     535
     584
     547
     556
     548
     562
     496
     492
     478
     527
     533
     473
     481
     439
     492
     412
     416
     410
     433
     391
     381
     409
     404
     389
     400
     368
     429
     385
     362
     353
     384
     336
     332
     360
     364
     368
     325
     357
     329
     323
     297
     327
     297
     308
     333
     327
     319
     306
     316
     308
     319
     311
     314
     302
     301
     302
     305
     292
     303
     283
     288
     275
     269
     269
     277
     234
     232
     268
     269
     249
     240
     264
     260
     237
     238
     253
     229
     239
     248
     226
     209
     219
     201
     232
     243
     248
     227
     208
     186
     181
     180
     196
     188
     187
     188
     183
     187
     211
     167
     177
     190
     163
     172
     192
     158
     155
     144
     174
     185
     160
     159
     161
     210
     180
     200
     201
     217
     198
     231
     243
     272
     263
     302
     314
     363
     397
     465
     528
     557
     657
     668
     736
     863
     935
    1012
    1167
    1302
    1337
    1470
    1591
    1818
    1915
    2031
    2216
    2393
    2494
    2648
    2847
    3012
    3079
    3191
    3294
    3427
    3395
    3721
    3569
    3778
    3685
    3783
    3716
    3675
    3746
    3549
    3578
    3484
    3418
    3281
    3142
    2923
    2794
    2672
    2432
    2397
    2222
    1973
    1917
    1705
    1635
    1444
    1311
    1188
    1015
     943
     868
     720
     643
     524
     524
     426
     398
     314
     280
     211
     189
     185
     140
     117
     107
      90
      73
      59
      45
      37
      26
      27
      26
      14
      18
      13
      15
       7
       6
       5
       4
       3
       4
       3
       2
       3
       8
       5
       7
       5
       6
       2
       4
       6
       6
       3
       4
       4
       2
       5
       7
       3
       6
       1
       4
       4
       6
       8
       6
       3
       0
       4
       3
       3
       7
       0
       8
       2
       5
       4
       3
       7
       5
       0
       1
       6
       7
       5
       8
       3
       3
       3
       5
       0
       6
       3
       1
       6
       2
       4
       5
       3
       6
       4
       4
       2
       2
       3
       2
       2
       3
       0
       1
       2
       2
       4
       4
       3
       3
       4
       3
       6
       4
       0
       4
       2
       4
       2
       4
       2
       4
       2
       0
       3
       5
       3
       4
       5
       1
       4
       2
       2
       2
       3
       2
       2
       3
       4
       2
       3
       2
       5
       5
       4
       2
       3
       8
       1
       5
       4
       3
       1
       2
       1
       4
       2
       0
       5
       3
       4
       3
       4
       5
       4
       1
       0
       1
       3
       4
       3
       4
       2
       3
       3
       3
       1
       7
       3
       3
       3
       2
       0
       4
       1
       1
       0
       1
       2
       2
       1
       2
       2
       2
       4
       1
       2
       3
       2
       2
       2
       2
       4
       3
       3
       3
       3
       3
       3
       2
       1
       6
       3
       1
       4
       3
       5
       3
       3
       3
       2
       3
       1
       3
       4
       1
       1
       2
       1
       3
       0
       1
       5
       3
       1
       0
       3
       2
       1
       6
       0
       0
       2
       3
       2
       4
       2
       4
       1
       3
       1
       6
       0
       1
       3
       2
       4
       1
       2
       3
       2
       3
       0
       5
       3
       1
       0
       1
       5
       1
       3
       1
       0
       2
       2
       2
       2
       2
       6
       2
       2
       1
       6
       6
       1
       2
       4
       1
       2
       0
       3
       3
       1
       2
       1
       1
       2
       1
       1
       2
       3
       3
       2
       4
       0
       3
       7
       5
       1
       0
       0
       0
       0
       7
       1
       3
       0
       2
       2
       1
       2
       2
       1
       0
       1
       1
       2
       1
       4
       1
       5
       0
       1
       4
       2
       1
       4
       5
       2
       1
       1
       1
       1
       2
       1
       1
       1
       2
       1
       0
       1
       2
       1
       3
       0
       4
       2
       1
       1
       0
       2
       2
       1
       0
       3
       2
       3
       1
       1
       0
       1
       1
       2
       2
       4
       1
       0
       1
       2
       3
       2
       1
       1
       3
       2
       1
       2
       1
       2
       3
       1
       3
       0
       2
       1
       1
       0
       0
       1
       1
       3
       0
       0
       0
       4
       3
       0
       1
       1
       2
       0
       1
       2
       0
       2
       2
       3
       2
       2
       0
       0
       2
       1
       1
       1
       0
       0
       1
       1
       2
       2
       0
       3
       1
       0
       2
       3
       0
       4
       1
       1
       1
       0
       2
       4
       2
       0
       1
       1
       1
       2
       0
       2
       2
       2
       1
       3
       5
       0
       0
       0
       7
       0
       0
       1
       1
       1
       1
       2
       0
       0
       2
       1
       2
       1
       2
       2
       0
       0
       1
       2
       1
       3
       1
       1
       1
       1
       0
       1
       1
       2
       2
       2
       0
       1
       0
       0
       2
       2
       1
       2
       0
       0
       2
       0
       4
       3
       1
       1
       0
       2
       0
       0
       0
       0
       2
       0
       0
       0
       0
       0
       1
       2
       0
       3
       1
       1
       2
       2
       0
       0
       1
       3
       1
       3
       0
       3
       0
       0
       2
       0
       0
       3
       1
       3
       2
       1
       0
       4
       3
       2
       0
       2
       2
       5
       3
       2
       1
       6
       1
       3
       3
       2
       2
       1
       3
       2
       4
       0
       1
       2
       4
       5
       2
       2
       1
       0
       1
       1
       0
       3
       2
       3
       1
       2
       0
       0
       1
       1
       0
       2
       1
       1
       0
       3
       0
       1
       3
       0
       1
       0
       2
       1
       1
       1
       1
       2
       2
       0
       0
       1
       0
       1
       1
       2
       0
       2
       0
       0
       2
       0
       1
       0
       2
       0
       1
       0
       0
       1
       1
       0
       0
       1
       0
       1
       0
       0
       0
       0
       0
       0
       0
       0
       0
       0
       0
       1
       0
       0
       0
       0
       2
       0
       1
       0
       0
       0
       0
       0
       0
       0
       0
       0
       0
       1
       0
       0
       1
       0
       0
       0
       1
       0
       0
       0
       0
       0
       1
       0
       1
       0
       0
       0
       1
       0
       1
       0
       0
       0
       0
       0
       0
       0
       0
       0
       0
       0
       0
       0
       1
       0
       0
       1
       0
       0
       0
       0
       1
       1
       0
       0
       0
       0
       0
       0
       0
       1
       0
       0
       0
       0
       2
       1
       0
       0
       0
       0
       2
       0
       0
       0
       0
       0
       0
       0
       0
       0
       0
       0
       0
       1
       0
       0
       1
       0
       0
       2
       0
       1
       0
       0
       1
       0
       1
       0
       0
       0
       0
       1
       0
       0
       0
       0
       0
       0
       0
       1
       1
       0
       1
       0
       0
       0
       0
       1
       0
       0
       0
       0
       0
       0
       1
       0
       0
       0
       0
       0
       0
       0
       0
       0
       1
       0
       0
       0
       0
       0
       0
       0
       0
       0
       0
       0
       1
       0
       1
       0
       2
       1
       0
       0
       0
       0
       0
       0
       0
       0
       0
       0
       0
       0
       0
       0
       0
       1
       0
       0
       1
       0
       0
       1
       2
       0
       0
       0
       0
       2
       0
       0
       0
       0
       0
       0
       0
       0
       0
       0
       0
       0
       1
       0
       1
       0
       0
       0
       0
       0
       0
       0
       0
       1
       0
       0
       0
       1
       0
       0
       1
       0
       1
       0
       0
       0
       0
       0
       0
       1
       0
       0
       0
       0
       0
       0
       0
       0
       0
       2
       0
       0
       0
       0
       0
       0
       0
       0
       1
       0
       1
       0
       0
       0
       1
       0
       0
       0
       0
       1
       2
       0
       0
       1
       0
       0
       0
       0
       1
       2
       0
       0
       0
       0
       0
       0
       1
       0
       1
       0
       1
       0
       1
       0
       0
       0
       0
       0
       0
       0
       0
       0
       0
       0
       1
       0
       0
       0
       0
       0
       1
       0
       1
       0
       0
       0
       0
       0
       0
       0
       1
       1
       0
       0
       0
       0
       0
       0
       0
       0
       0
       0
       0
       0
       1
       0
       0
       0
       0
       0
       0
       0
       0
       0
       0
       0
       0
       0
       0
       0
       0
       0
       0
       0
       1
       0
       0
       1
       0
       0
       0
       0
       1
       0
       0
       0
       0
       0
       0
       0
       0
       0
       0
       0
       0
       0
       0
       1
       0
       2
       0
       0
       0
       0
       0
       1
       0
       0
       1
       0
       0
       0
       0
       0
       1
       0
       0
       0
       0
       0
       0
       0
       0
       0
       1
       0
       0
       0
       0
       0
       0
       0
       0
       0
       0
       0
       0
       0
       0
       0
       0
       0
       0
       0
       0
       0
       0
       1
       1
       0
       0
       0
       0
       0
       0
       0
       2
       0
       0
       0
       0
       0
       0
       0
       0
       0
       0
       0
       1
       0
       1
       0
       0
       0
       0
       1
       0
       0
       0
       0
       0
       1
       0
       0
       0
       1
       0
       0
       0
       0
       0
       0
       0
       0
       0
       0
       1
       1
       0
       0
       0
       0
       1
       0
       0
       0
       0
       0
       0
       0
       0
       0
       0
       0
       0
       0
       0
       0
       0
       0
       0
       2
       0
       0
       0
       0
       0
       0
       0
       0
       0
       0
       0
       0
       0
       0
       1
       0
       0
       0
       0
       0
       1
       0
       0
       0
       0
       0
       0
       0
       0
       0
       0
       0
       0
       0
       0
       0
       0
       0
       1
       0
       0
       0
       0
       1
       0
       0
       0
       0
       0
       0
       0
       1
       0
       0
       0
       0
       0
       0
       0
       0
       0
       0
       0
       0
       0
       0
       1
       0
       0
       0
       0
       0
       0
       0
       0
       0
       0
       0
       0
       0
       0
       1
       0
       0
       0
       0
       0
       0
       0
       0
       0
       1
       0
       0
       0
       0
       1
       1
       0
       0
       0
       0
       0
       0
       0
       0
       0
       0
       0
       0
       0
       0
       0
       0
       0
       1
       0
       0
       0
       0
       0
       0
       0
       0
       1
       0
       0
       1
       0
       0
       0
       0
       0
       0
       0
       0
       0
       0
       0
       0
       0
       0
       0
       0
       0
       1
       0
       0
       0
       0
       0
       0
       0
       0
       0
       0
       0
       0
       0
       0
       0
       0
       0
       0
       0
       0
       0
       0
       0
       2
       0
       0
       0
       0
       0
       0
       0
       0
       0
       0
       0
       0
       0
       0
       0
       0
       0
       0
       0
       0
       0
       0
       0
       0
       0
       0
       0
       0
       0
       0
       0
       0
       0
       0
       1
       0
       0
       0
       0
       0
       0
       0
       0
       0
       0
       0
       0
       0
       0
       1
       0
       0
       0
       0
       0
       0
       0
       0
       0
       0
       0
       0
       0
       0
       0
       0
       0
       0
       0
       0
       0
       0
       0
       0
       0
       0
       0
       0
       0
       0
       0
       0
       0
       0
       0
       0
       0
       0
       0
       0
       0
       0
       0
       0
       0
       0
       0
       0
       0
       0
       0
       0
       0
       1
       0
       1
       0
       0
       1
       0
       0
       0
       0
       2
       0
       0
       0
       0
       1
       0
       0
       0
       0
       0
       0
       0
       0
       0
       0
       0
       1
       0
       0
       0
       0
       0
       0
       0
       1
       0
       0
       0
       0
       2
       1
       0
       0
       0
       0
       0
       0
       0
       0
       0
       0
       0
       0
       0
       0
       0
       0
       0
       1
       0
       0
       0
       0
       0
       0
       1
       0
       0
       0
       0
       0
       0
       0
       0
       0
       0
       0
       4
       3
       6
       2
       8
       4
       7
       8
       4
       8
       4
       6
       5
       8
       6
       4
       5
       6
       8
       7
       1
       3
       7
       4
       6
       4
       4
       5
       9
       5
       4
       5
       9
       6
       2
       1
       6
      10
       4
       3
       1
       3
       9
      11
      19
      18
$ROI:
1
434 537
$PRESETS:
Live Time
604800
0
$ENER_FIT:
11.826920 1.331080
$MCA_CAL:
3
1.182692E+001 1.331080E+000 0.000000E+000
$SHAPE_CAL:
3
3.449068E+001 9.898068E-003 0.000000E+000
