$SPEC_ID:
ThO2
$SPEC_REM:
DET# 2
DETDESC# GAMMARAY MCB 25
AP# Maestro Version 5.34
$DATE_MEA:
01/23/2018 16:52:14
$MEAS_TIM:
47 2567
$DATA:
0 2047
      40
      86
    1054
    4158
    2247
    2085
    2105
    2139
    2204
    2252
    2229
    2313
    2287
    2355
    2346
    2220
    2219
    2152
    2263
    2474
    2674
    2866
    3018
    3032
    3077
    3003
    2903
    3083
    3223
    3541
    4205
    5076
    6152
    7247
    7910
    8491
    8597
    7599
    6550
    5424
    4787
    4456
    4855
    5129
    5523
    6161
    6725
    7305
    8062
    9120
   10870
   13569
   17631
   24075
   32640
   43238
   55166
   65895
   73407
   74483
   68495
   58825
   46382
   36343
   29711
   26011
   24289
   22623
   20284
   16762
   12990
    9501
    6718
    4776
    3465
    2849
    2522
    2384
    2431
    2366
    2254
    2357
    2372
    2321
    2344
    2273
    2331
    2356
    2372
    2366
    2331
    2410
    2351
    2330
    2265
    2317
    2347
    2346
    2317
    2400
    2340
    2232
    2394
    2344
    2408
    2365
    2384
    2434
    2358
    2370
    2488
    2511
    2420
    2450
    2520
    2505
    2446
    2494
    2566
    2447
    2559
    2477
    2610
    2615
    2681
    2663
    2876
    2712
    2864
    2851
    2979
    2970
    2976
    3132
    3118
    3195
    3088
    3134
    3224
    3181
    3235
    3209
    3297
    3301
    3309
    3284
    3338
    3277
    3405
    3304
    3494
    3440
    3340
    3447
    3416
    3350
    3474
    3477
    3383
    3344
    3403
    3396
    3362
    3292
    3354
    3363
    3304
    3300
    3364
    3269
    3180
    3208
    3171
    3258
    3238
    3295
    3227
    3240
    3268
    3125
    3166
    3079
    3017
    3117
    3166
    3169
    3193
    3042
    3165
    3037
    3118
    3049
    3019
    3106
    3015
    2894
    3128
    3010
    3084
    3134
    2937
    3023
    2938
    3019
    2978
    3015
    2965
    2925
    2948
    3025
    2897
    2979
    2958
    2900
    3048
    3010
    2922
    2858
    2935
    3004
    2896
    2951
    3068
    2972
    2941
    2937
    3028
    2881
    2996
    2968
    2920
    2997
    3029
    2982
    2877
    2863
    2914
    2983
    3050
    2959
    3008
    3082
    3001
    2982
    3041
    3069
    3024
    3057
    3032
    3044
    3063
    3064
    3045
    3144
    3062
    3154
    3007
    3108
    3030
    3128
    3166
    3164
    3014
    3032
    3008
    2943
    3016
    2936
    2857
    2821
    2996
    2771
    2741
    2802
    2672
    2662
    2533
    2599
    2633
    2516
    2435
    2431
    2438
    2374
    2285
    2333
    2271
    2261
    2229
    2291
    2306
    2294
    2314
    2303
    2154
    2211
    2173
    2167
    2145
    2146
    2217
    2094
    2143
    2124
    2198
    2159
    2126
    2174
    2035
    2119
    2152
    2151
    2096
    2130
    2078
    2026
    2153
    2001
    2139
    2012
    2079
    2204
    2023
    2095
    1996
    2009
    2032
    2087
    2010
    2027
    2002
    2050
    2038
    2046
    2106
    1965
    1969
    2042
    2006
    2036
    1968
    1970
    1924
    1930
    2034
    2011
    1965
    1914
    1901
    1883
    1940
    1993
    1914
    1883
    1797
    1923
    1846
    1928
    1874
    1973
    1795
    1838
    1854
    1845
    1899
    1831
    1915
    1840
    1893
    1890
    1864
    1999
    1924
    1920
    1934
    2050
    2090
    2137
    2332
    2360
    2560
    2559
    2888
    2999
    3253
    3546
    3848
    4177
    4409
    5009
    5423
    5829
    6413
    7048
    7490
    8217
    8787
    9456
   10186
   10884
   11596
   12275
   12981
   13575
   14235
   14694
   15273
   15862
   16039
   16377
   16572
   16637
   16613
   16418
   16441
   16440
   15959
   15650
   15055
   14401
   13782
   13124
   12472
   11702
   10892
   10233
    9428
    8960
    8146
    7682
    6850
    6229
    5562
    5129
    4592
    4106
    3656
    3247
    3026
    2704
    2409
    2228
    2026
    1853
    1731
    1581
    1562
    1376
    1357
    1294
    1203
    1244
    1132
    1146
    1091
    1178
    1075
    1038
    1135
    1090
    1063
    1065
    1123
    1065
    1087
    1101
    1053
    1081
    1088
    1113
    1057
    1075
    1010
    1084
    1086
    1115
    1074
    1083
    1086
    1110
    1039
    1086
    1073
    1113
    1070
    1065
    1171
    1061
    1001
    1041
    1068
    1126
    1089
    1059
    1071
    1058
    1051
    1024
    1102
    1079
    1077
    1095
    1076
     998
    1109
    1085
    1116
    1190
    1067
    1087
    1084
    1076
    1053
    1095
    1037
    1096
    1103
    1076
    1107
    1091
    1057
    1088
    1052
    1130
    1122
    1069
    1109
    1093
    1107
    1084
    1158
    1127
    1055
    1143
    1132
    1070
    1102
    1130
    1179
    1049
    1131
    1094
    1137
    1171
    1144
    1072
    1101
    1114
    1145
    1090
    1130
    1146
    1131
    1143
    1083
    1140
    1095
    1112
    1128
    1193
    1123
    1100
    1127
    1089
    1138
    1125
    1096
    1123
    1158
    1078
    1070
    1109
    1052
    1052
    1116
    1111
    1111
    1072
    1030
    1011
    1102
    1070
    1059
    1052
     964
    1100
    1090
     979
    1013
    1011
     967
     955
     976
     865
     897
     911
     874
     875
     899
     846
     806
     786
     814
     802
     775
     726
     762
     754
     710
     713
     711
     680
     679
     644
     670
     564
     569
     640
     582
     600
     549
     557
     545
     532
     571
     532
     477
     461
     479
     477
     488
     485
     444
     421
     457
     436
     449
     407
     384
     478
     411
     400
     404
     415
     363
     378
     388
     402
     329
     380
     380
     355
     362
     309
     355
     310
     338
     339
     307
     346
     325
     321
     313
     306
     321
     284
     279
     251
     281
     269
     262
     257
     259
     245
     266
     263
     276
     259
     253
     236
     240
     232
     230
     230
     236
     271
     217
     229
     230
     225
     230
     231
     219
     228
     212
     235
     231
     246
     245
     242
     204
     219
     215
     245
     234
     232
     268
     248
     225
     234
     245
     277
     271
     286
     304
     293
     327
     299
     361
     345
     424
     399
     482
     536
     524
     568
     645
     670
     728
     783
     856
     932
    1062
    1092
    1128
    1332
    1424
    1484
    1624
    1795
    1813
    2012
    2142
    2272
    2364
    2529
    2776
    2916
    3060
    3196
    3389
    3536
    3696
    3837
    4036
    4213
    4302
    4340
    4541
    4701
    4615
    4725
    4930
    4995
    5078
    5147
    5038
    5153
    5043
    5174
    5092
    5119
    4996
    4862
    4774
    4828
    4643
    4533
    4403
    4222
    4275
    3953
    3749
    3670
    3479
    3406
    3146
    3088
    2792
    2664
    2540
    2370
    2195
    2139
    1916
    1899
    1727
    1559
    1413
    1304
    1282
    1129
    1030
     994
     868
     781
     723
     642
     560
     523
     503
     432
     405
     359
     322
     277
     260
     247
     220
     199
     178
     173
     136
     140
     133
     118
     105
     106
      94
      90
      95
     101
      96
      71
      82
      77
      74
      72
      88
      71
      66
      77
      75
      64
      78
      73
      68
      57
      73
      67
      62
      66
      56
      64
      56
      48
      63
      60
      71
      62
      64
      60
      69
      73
      62
      73
      58
      64
      43
      57
      70
      66
      49
      69
      53
      71
      69
      70
      64
      58
      73
      74
      58
      51
      58
      59
      60
      67
      73
      76
      70
      83
      61
      54
      67
      63
      53
      64
      60
      63
      81
      61
      86
      81
      66
      68
      69
      79
      74
      62
      63
      73
      78
      70
      66
      82
      78
      61
      81
      82
      73
      78
      67
      83
      56
      74
      64
      85
      85
      73
      85
      71
      78
      81
      64
      66
      63
      69
      81
      73
      63
      53
      81
      63
      87
      71
      68
      57
      69
      59
      67
      59
      67
      61
      66
      63
      55
      77
      57
      63
      62
      68
      67
      62
      62
      60
      53
      55
      68
      50
      62
      57
      56
      60
      51
      51
      46
      61
      65
      52
      63
      59
      71
      55
      66
      70
      54
      68
      58
      59
      42
      73
      65
      66
      69
      66
      55
      62
      59
      60
      56
      51
      63
      76
      61
      64
      62
      67
      68
      67
      70
      87
      66
      70
      74
      67
      67
      63
      82
      79
      76
      66
      70
      88
      73
      67
      77
      75
      93
      74
      75
      74
      68
      80
      67
      61
      73
      94
      89
      89
      81
      77
      83
      92
      90
     104
      75
      96
      73
     112
     102
      77
      81
      92
      82
      97
     103
      93
      70
      95
      97
      88
      80
      83
      67
      86
      75
      63
      71
      72
      90
      80
      81
      74
      69
      80
      72
      66
      68
      78
      73
      57
      76
      68
      53
      59
      58
      45
      72
      53
      67
      50
      61
      61
      43
      47
      42
      48
      60
      48
      40
      47
      43
      30
      43
      43
      37
      42
      43
      35
      31
      30
      37
      46
      45
      33
      32
      37
      28
      26
      28
      36
      30
      28
      35
      36
      30
      24
      25
      40
      25
      23
      28
      28
      30
      19
      16
      19
      25
      17
      19
      19
      22
      29
      20
      16
      26
      24
      17
      20
      21
      15
      19
      18
      24
      15
      15
      12
      23
      28
      20
      24
      27
      13
      22
       7
      15
      14
      15
      13
      13
      21
      18
      18
      22
      12
      23
      16
      19
      23
      18
      14
      15
      16
      19
      19
      15
      14
      15
      16
      16
      14
      18
      12
      17
      20
      19
      18
      16
      23
      20
      19
      22
      23
      18
      14
      22
      20
      17
      18
      13
      20
      31
      26
      20
      16
      17
      16
      27
      25
      34
      32
      27
      33
      37
      35
      28
      45
      34
      40
      50
      48
      42
      54
      45
      50
      46
      64
      56
      64
      70
      89
      68
      90
      95
     104
      80
     106
     104
     112
     121
     129
     125
     131
     119
     136
     165
     152
     149
     170
     161
     194
     168
     186
     200
     200
     195
     211
     224
     217
     202
     203
     207
     237
     222
     227
     241
     229
     234
     192
     257
     220
     234
     234
     225
     248
     211
     219
     218
     226
     224
     190
     207
     192
     208
     175
     204
     182
     180
     188
     153
     182
     164
     169
     119
     144
     134
     134
     119
     140
     103
     117
     123
     118
     106
     109
     107
      85
      85
      78
      81
      67
      87
      58
      57
      64
      55
      57
      42
      49
      47
      33
      36
      44
      34
      26
      25
      34
      25
      17
      21
      23
      21
      16
      16
      12
      11
      12
      19
      15
      11
      13
      10
      10
       8
       7
      12
       7
       9
       4
       4
       3
       7
      11
       2
       4
       4
       4
       4
       4
       5
       0
       3
       4
       2
       6
       1
       6
       3
       1
       2
       1
       8
       2
       4
       3
       1
       2
       1
       1
       3
       2
       1
       1
       1
       3
       2
       4
       1
       1
       0
       1
       4
       2
       2
       2
       3
       1
       1
       0
       3
       4
       3
       3
       2
       2
       1
       5
       2
       7
       0
       0
       3
       4
       1
       3
       3
       5
       2
       2
       2
       2
       3
       2
       0
       0
       5
       2
       1
       4
       3
       1
       4
       1
       3
       5
       0
       1
       0
       1
       1
       1
       1
       1
       3
       2
       0
       0
       0
       3
       3
       1
       3
       3
       3
       3
       3
       1
       1
       1
       1
       4
       3
       2
       1
       1
       3
       3
       4
       2
       2
       3
       4
       1
       3
       0
       1
       6
       3
       1
       2
       2
       1
       3
       1
       3
       1
       2
       2
       3
       2
       3
       5
       2
       2
       2
       1
       4
       2
       5
       3
       1
       2
       1
       1
       4
       5
       3
       1
       3
       2
       5
       5
       3
       3
       6
       0
       1
       0
       6
       1
       5
       3
       1
       2
       1
       2
       4
       3
       2
       3
       3
       3
       3
       1
       2
       4
       4
       3
       3
       0
       3
       2
       2
       3
       3
       1
       5
       2
       1
       0
       3
       2
       2
       3
       3
       6
       2
       2
       2
       1
       3
       3
       4
       2
       3
       4
       1
       3
       1
       1
       3
       3
       1
       0
       1
       1
       2
       4
       1
       0
       2
       0
       3
       3
       2
       2
       5
       1
       2
       3
       4
       2
       3
       1
       1
       3
       1
       1
       1
       3
       1
       1
       0
       1
       1
       4
       3
       4
       3
       5
       3
       0
       1
       0
       2
       3
       2
       1
       1
       2
       2
       1
       2
       0
       1
       0
       1
       1
       5
       1
       1
       1
       2
       0
       2
       1
       2
       3
       2
       2
       0
       2
       1
       4
       0
       2
       1
       2
       1
       1
       1
       2
       1
       2
       3
       1
       0
       3
       0
       3
       6
       1
       0
       2
       0
       3
       1
       3
       1
       2
       2
       2
       2
       0
       2
       1
       3
       1
       1
       2
       2
       4
       2
       2
       3
       1
       2
       0
       1
       1
       0
       3
       0
       0
       0
       0
       1
       2
       2
       0
       1
       2
       2
       0
       3
       1
       0
       2
       1
       1
       1
       1
       1
       2
       1
       2
       2
       0
       3
       1
       0
       1
       2
       0
       0
       0
       2
       2
       1
       2
       2
       0
       0
       3
       4
       1
       3
       0
       2
       3
       1
       1
       0
       1
       0
       0
       1
       1
       4
       3
       1
       2
       1
       1
       0
       0
       0
       1
       1
       1
       2
       1
       1
       1
       2
       1
       0
       0
       1
       0
       1
       0
       2
       0
       1
       1
       0
       1
       2
       1
       6
       1
       0
       1
       0
       2
       0
       1
       0
       1
       2
       1
       0
       0
       1
       1
       1
       2
       0
       2
       0
       0
       3
       2
       1
       1
       2
       0
       3
       0
       1
       0
       1
       1
       0
       1
       0
       0
       2
       0
       1
       0
       0
       0
       0
       1
       3
       0
       0
       1
       3
       0
       0
       1
       0
       1
       2
       2
       1
       2
       0
       2
       1
       2
       0
       0
       1
       2
       2
       1
       1
       2
       1
       2
       2
       5
       2
       1
       3
       1
       0
       3
       3
       1
       2
       3
       2
       4
       3
       2
       2
       5
       5
       4
       3
       2
       1
       2
       1
       3
       3
       1
       3
       5
       6
       4
       4
       4
       3
       3
       3
       4
       4
       6
       4
       4
       0
       5
       5
       9
       5
       4
       7
       5
       3
       4
       1
       4
       0
       0
       6
       4
       0
       1
       3
       1
       4
       2
       4
       2
       3
       3
       4
       1
       1
       0
       2
       3
       0
       1
       2
       3
       1
       1
       1
       2
       0
       0
       1
       1
       0
       1
       2
       1
       1
       1
       2
       1
       0
       2
       0
       0
       0
       2
       0
       0
       2
       1
       1
       1
       0
       0
       0
       1
       1
       1
       4
       0
       0
       0
       0
       0
       0
       0
       2
       0
       1
       0
       1
       0
       0
       0
       0
       0
       1
       1
       1
       0
       0
       1
       0
      78
      86
      90
      87
      75
      72
      84
      57
      69
      85
      79
      77
      85
      72
      97
      76
      87
      75
      78
      84
      70
      91
      75
      63
      89
      72
      75
      80
      65
      83
      77
      89
      83
      77
      71
      90
      87
      81
      82
      71
      80
     100
      99
     129
      95
     122
$ROI:
1
1240 1318
$PRESETS:
Live Time
604800
0
$ENER_FIT:
11.826920 1.331080
$MCA_CAL:
3
1.182692E+001 1.331080E+000 0.000000E+000
$SHAPE_CAL:
3
3.449068E+001 9.898068E-003 0.000000E+000
