$SPEC_ID:
ThO2
$SPEC_REM:
DET# 2
DETDESC# GAMMARAY MCB 25
AP# Maestro Version 5.34
$DATE_MEA:
01/25/2018 15:26:25
$MEAS_TIM:
1 152
$DATA:
0 2047
     940
    1076
    1171
    1222
    1277
    1325
    1357
    1422
    1462
    1546
    1632
    1682
    1775
    1739
    1828
    1924
    1851
    2045
    2108
    2119
    2163
    2240
    2352
    2362
    2383
    2502
    2504
    2593
    2683
    2623
    2833
    2786
    2739
    2777
    2853
    2906
    2988
    2988
    3126
    3222
    3208
    3230
    3283
    3269
    3262
    3384
    3385
    3512
    3433
    3610
    3591
    3635
    3778
    3722
    3729
    3738
    3696
    3892
    3982
    3939
    4094
    4273
    4344
    4406
    4700
    4769
    5016
    5038
    5243
    5314
    5485
    5442
    5603
    5809
    5786
    5739
    5749
    5699
    5757
    5695
    5445
    5419
    5253
    5294
    5066
    4873
    4861
    4809
    4840
    4822
    4627
    4660
    4711
    4459
    4481
    4686
    4450
    4391
    4602
    4563
    4623
    4414
    4402
    4360
    4494
    4517
    4459
    4458
    4470
    4557
    4479
    4403
    4493
    4594
    4469
    4478
    4653
    4505
    4591
    4530
    4603
    4648
    4630
    4533
    4667
    4826
    4645
    4791
    4744
    4722
    4861
    4766
    4741
    4802
    4625
    4768
    4822
    4976
    4635
    4784
    4739
    4673
    4550
    4745
    4720
    4838
    4694
    4761
    4714
    4759
    4717
    4704
    4742
    4817
    4575
    4629
    4629
    4554
    4638
    4591
    4586
    4588
    4560
    4647
    4707
    4570
    4557
    4576
    4653
    4480
    4558
    4582
    4477
    4576
    4408
    4426
    4424
    4550
    4570
    4411
    4452
    4562
    4457
    4380
    4418
    4424
    4398
    4554
    4398
    4446
    4457
    4385
    4526
    4517
    4398
    4382
    4365
    4216
    4341
    4366
    4255
    4287
    4302
    4222
    4251
    4205
    4076
    4130
    4146
    4173
    4085
    4009
    3875
    3879
    3808
    3776
    3748
    3666
    3561
    3633
    3413
    3436
    3329
    3406
    3362
    3343
    3228
    3167
    3050
    2984
    3010
    2922
    2880
    2834
    2951
    2892
    2824
    2797
    2788
    2829
    2769
    2709
    2660
    2713
    2609
    2607
    2618
    2675
    2637
    2623
    2599
    2575
    2679
    2644
    2567
    2656
    2633
    2683
    2550
    2613
    2649
    2739
    2785
    2750
    2688
    2795
    2906
    2921
    2921
    2789
    2915
    2962
    3039
    3060
    3183
    3113
    3031
    3261
    3216
    3295
    3401
    3499
    3519
    3633
    3578
    3872
    3747
    3917
    3943
    4129
    4323
    4617
    4666
    4734
    4911
    5121
    5314
    5536
    5676
    6003
    6257
    6584
    6890
    7150
    7391
    7911
    8329
    8660
    9203
    9672
   10174
   10892
   11376
   12043
   12733
   13534
   14289
   14883
   15908
   16678
   16981
   18124
   19192
   19532
   20516
   21337
   21570
   22105
   23086
   23394
   24271
   24429
   24677
   25319
   25144
   25335
   25040
   25086
   24557
   24238
   23889
   22961
   22335
   21521
   20768
   19875
   18792
   17848
   16932
   15918
   14835
   14085
   12850
   12153
   11169
   10087
    9298
    8569
    7878
    7241
    6363
    5991
    5315
    4875
    4461
    4194
    3752
    3425
    3223
    3118
    2807
    2613
    2494
    2375
    2291
    2270
    2146
    2095
    2077
    2032
    1999
    2008
    1954
    1886
    1896
    1912
    1921
    1874
    1961
    1889
    1865
    1851
    1850
    1883
    1900
    1857
    1860
    1849
    1875
    1726
    1912
    1839
    1808
    1821
    1809
    1794
    1834
    1817
    1845
    1799
    1786
    1877
    1733
    1784
    1790
    1778
    1769
    1819
    1842
    1741
    1785
    1796
    1718
    1838
    1766
    1773
    1751
    1826
    1721
    1766
    1711
    1767
    1797
    1693
    1759
    1763
    1727
    1709
    1735
    1781
    1717
    1765
    1720
    1767
    1707
    1713
    1673
    1622
    1745
    1682
    1721
    1723
    1797
    1682
    1751
    1827
    1756
    1793
    1734
    1688
    1749
    1754
    1670
    1727
    1811
    1685
    1662
    1698
    1711
    1675
    1681
    1652
    1671
    1734
    1659
    1636
    1710
    1723
    1685
    1683
    1689
    1720
    1724
    1693
    1713
    1695
    1719
    1588
    1693
    1712
    1716
    1681
    1625
    1748
    1645
    1596
    1720
    1713
    1614
    1746
    1712
    1714
    1663
    1685
    1674
    1591
    1659
    1687
    1725
    1607
    1696
    1704
    1669
    1572
    1609
    1677
    1624
    1653
    1623
    1586
    1645
    1640
    1600
    1568
    1624
    1654
    1541
    1613
    1638
    1644
    1596
    1540
    1587
    1567
    1601
    1563
    1622
    1621
    1568
    1573
    1635
    1570
    1575
    1567
    1643
    1580
    1479
    1600
    1516
    1673
    1554
    1565
    1549
    1553
    1487
    1517
    1579
    1507
    1498
    1494
    1543
    1526
    1529
    1530
    1598
    1532
    1485
    1482
    1571
    1477
    1579
    1506
    1564
    1550
    1528
    1517
    1540
    1588
    1587
    1506
    1515
    1550
    1464
    1498
    1532
    1521
    1560
    1451
    1490
    1620
    1579
    1564
    1549
    1551
    1569
    1534
    1580
    1565
    1557
    1497
    1520
    1570
    1510
    1588
    1539
    1491
    1562
    1528
    1640
    1576
    1560
    1536
    1610
    1577
    1486
    1527
    1580
    1517
    1496
    1562
    1558
    1594
    1573
    1507
    1614
    1530
    1611
    1484
    1550
    1572
    1576
    1576
    1636
    1617
    1627
    1583
    1556
    1600
    1571
    1599
    1615
    1573
    1601
    1486
    1621
    1628
    1625
    1526
    1595
    1712
    1609
    1626
    1578
    1679
    1581
    1579
    1567
    1618
    1647
    1615
    1566
    1573
    1609
    1556
    1540
    1579
    1568
    1683
    1588
    1525
    1529
    1613
    1577
    1494
    1489
    1553
    1530
    1527
    1517
    1474
    1422
    1434
    1456
    1451
    1488
    1422
    1390
    1276
    1342
    1326
    1310
    1361
    1302
    1293
    1299
    1315
    1269
    1249
    1177
    1215
    1145
    1159
    1212
    1142
    1107
    1152
    1079
    1113
    1059
    1054
    1111
    1034
    1079
     993
    1042
     987
    1049
    1004
     973
    1043
     999
    1022
     964
     982
     958
    1024
     953
     908
     978
    1009
     988
     966
     968
     942
     946
     903
     971
     925
     941
     901
     946
     948
     944
     943
     949
     988
     945
    1011
     916
     875
     948
     998
     997
     897
     933
     976
     938
     923
     978
     954
     955
     963
     987
     994
     929
     982
    1019
    1071
     981
    1015
    1048
    1059
    1025
    1076
    1081
    1061
    1119
    1126
    1137
    1148
    1167
    1148
    1232
    1269
    1204
    1201
    1257
    1247
    1303
    1389
    1437
    1415
    1525
    1469
    1534
    1561
    1613
    1758
    1690
    1784
    1771
    1927
    1982
    2049
    2096
    2116
    2178
    2314
    2388
    2410
    2589
    2569
    2572
    2681
    2757
    2903
    2878
    2893
    2992
    3018
    3148
    3249
    3299
    3389
    3407
    3369
    3477
    3532
    3524
    3480
    3597
    3737
    3702
    3563
    3663
    3526
    3595
    3518
    3628
    3559
    3535
    3601
    3476
    3259
    3264
    3259
    3275
    3220
    3129
    3023
    2938
    2898
    2760
    2778
    2718
    2612
    2494
    2428
    2400
    2313
    2182
    2154
    2050
    2010
    1929
    1893
    1829
    1797
    1780
    1636
    1669
    1574
    1502
    1484
    1451
    1428
    1353
    1334
    1278
    1257
    1234
    1255
    1208
    1156
    1087
    1091
    1096
    1174
    1103
    1083
    1108
    1106
    1052
    1063
     965
    1007
    1041
    1027
     970
     965
     973
    1003
     989
    1004
     992
     951
    1008
     984
     929
    1027
     986
    1010
     944
     927
     996
     931
     980
     916
     952
     922
     903
     855
    1001
     932
     913
     949
     954
     923
     909
     986
     916
     951
     925
     902
     916
     863
     903
     887
     930
     926
     918
     873
     943
     914
     874
     947
     879
     882
     891
     913
     919
     908
     921
     927
     900
     898
     913
     885
     844
     952
     961
     898
     884
     921
     925
     948
     854
     919
     900
     885
     927
     930
     903
     880
     939
     930
     913
     918
     908
     870
     929
     914
     893
     915
     912
     890
     895
     924
     879
     881
     859
     878
     930
     848
     930
     914
     898
     863
     890
     893
     856
     859
     896
     886
     874
     856
     838
     844
     863
     870
     850
     889
     859
     870
     826
     836
     791
     789
     810
     822
     824
     769
     787
     818
     796
     844
     792
     820
     824
     788
     789
     758
     826
     726
     748
     757
     752
     773
     743
     766
     727
     673
     685
     725
     702
     680
     730
     669
     635
     648
     659
     688
     661
     691
     634
     628
     623
     659
     644
     638
     577
     619
     587
     599
     565
     567
     591
     561
     569
     541
     559
     567
     543
     535
     501
     542
     549
     530
     517
     512
     511
     502
     490
     522
     507
     510
     522
     502
     491
     420
     456
     490
     492
     497
     476
     458
     467
     477
     460
     431
     487
     468
     424
     451
     446
     477
     479
     440
     434
     420
     443
     445
     457
     457
     443
     471
     465
     495
     455
     465
     484
     425
     479
     512
     468
     503
     484
     500
     527
     593
     498
     540
     533
     552
     575
     548
     590
     602
     575
     574
     610
     627
     607
     609
     653
     664
     661
     752
     703
     757
     782
     744
     799
     817
     842
     869
     897
     897
     883
     944
     890
     987
     982
    1016
    1116
    1094
    1133
    1103
    1190
    1232
    1241
    1239
    1325
    1305
    1301
    1333
    1379
    1456
    1353
    1411
    1449
    1465
    1424
    1422
    1485
    1522
    1466
    1513
    1496
    1603
    1625
    1556
    1560
    1561
    1460
    1485
    1460
    1514
    1460
    1436
    1434
    1390
    1368
    1388
    1375
    1340
    1275
    1258
    1294
    1279
    1106
    1046
    1123
    1038
    1040
     998
     982
     957
     883
     931
     822
     863
     819
     793
     752
     669
     686
     671
     638
     612
     550
     546
     542
     492
     464
     477
     460
     439
     447
     395
     403
     383
     331
     351
     332
     340
     305
     298
     293
     263
     312
     262
     261
     240
     291
     245
     255
     226
     282
     238
     222
     227
     214
     219
     232
     221
     195
     201
     218
     189
     203
     198
     210
     235
     216
     186
     200
     176
     208
     191
     198
     209
     188
     188
     184
     199
     182
     198
     191
     177
     188
     166
     181
     197
     170
     173
     191
     164
     173
     187
     172
     161
     176
     175
     163
     195
     172
     184
     178
     174
     161
     146
     183
     171
     173
     170
     154
     171
     159
     189
     174
     178
     158
     174
     153
     159
     164
     155
     172
     146
     166
     168
     154
     144
     147
     159
     163
     137
     151
     157
     149
     147
     138
     141
     147
     138
     155
     153
     143
     141
     168
     145
     144
     156
     134
     144
     107
     162
     148
     128
     164
     151
     138
     129
     148
     138
     134
     138
     133
     138
     132
     134
     139
     130
     126
     144
     122
     115
     125
     114
     129
     148
     120
     133
     147
     115
     109
     124
     136
     111
     104
     129
     122
     134
     104
     132
     102
     104
     115
     131
      87
     117
     113
     108
     119
     110
     114
      96
     113
     104
     132
     110
      98
     115
     112
     123
     105
     114
     110
     112
     108
     115
     107
     112
     122
      91
     109
     122
     102
     116
     121
      96
     106
     104
      89
      93
      83
      95
     108
     108
     105
      98
      97
      88
      87
     104
     102
      92
     106
      95
      91
      92
     102
     108
      88
      85
      96
      89
      89
      90
      97
      92
     107
      90
     100
      87
     105
      90
      84
      98
      78
     105
      97
      78
      85
      83
      77
      96
      81
      96
      79
     100
      86
      95
      85
     105
      72
     107
      79
      93
     113
     108
      82
     105
     101
      84
      89
      87
      81
      96
     103
      93
      94
      93
      93
      85
     112
      87
      90
      90
     100
      76
     111
      99
      92
      69
      97
      88
      81
      84
      85
      80
      81
      84
      87
      73
      88
      88
      78
      96
      86
      82
      60
      82
      88
      71
      78
      93
      76
      94
      85
      77
      79
      84
      94
      95
      75
      66
      96
      73
      72
      79
      83
      74
      77
      84
      77
      89
      63
      66
      71
      54
      82
      71
      58
      72
      69
      62
      71
      63
      66
      76
      69
      68
      62
      49
      53
      57
      60
      61
      52
      56
      48
      55
      51
      52
      47
      50
      50
      55
      55
      54
      56
      49
      53
      37
      50
      39
      45
      46
      52
      47
      55
      43
      49
      53
      36
      41
      49
      49
      43
      50
      43
      60
      58
      42
      43
      38
      43
      37
      46
      39
      54
      50
      50
      43
      46
      48
      53
      44
      40
      32
      26
      30
      50
      42
      45
      36
      31
      41
      38
      42
      43
      46
      44
      39
      34
      37
      36
      38
      42
      39
      32
      40
      35
      41
      46
      44
      38
      50
      36
      32
      37
      40
      35
      36
      43
      45
      37
      42
      43
      45
      37
      31
      32
      40
      38
      47
      40
      38
      41
      42
      34
      26
      47
      28
      35
      40
      29
      40
      31
      25
      33
      31
      33
      39
      25
      33
      38
      32
      41
      30
      31
      33
      27
      35
      27
      30
      26
      41
      32
      36
      50
      31
      37
      30
      26
      40
      41
      33
      29
      26
      32
      32
      27
      27
      30
      36
      37
      24
      42
      32
      25
      34
      25
      34
      29
      22
      29
      32
      31
      27
      30
      20
      32
      36
      30
      20
      28
      24
      33
      28
      22
      32
      23
      27
      23
      24
      23
      23
      24
      22
      36
      29
      38
      22
      21
      38
      26
      30
      20
      29
      19
      22
      23
      20
      25
      29
      21
      27
      22
      14
      22
      22
      18
      21
      20
      27
      22
      23
      18
      30
      21
      20
      23
      22
      27
      25
      21
      17
      25
      24
      18
      22
      24
      29
      24
      28
      26
      21
      30
      24
      23
      15
      25
      24
      33
      21
      23
      19
      25
      21
      23
      27
      19
      22
      21
      17
      16
      25
      30
      24
      22
      20
      20
      19
      21
      23
      22
      20
      22
      22
      17
      20
      12
      24
      16
      24
       9
      26
      22
      12
      15
      20
      22
      22
      26
      16
      17
      17
      13
      21
      17
      15
      20
      13
      25
      14
      15
      21
      25
      22
      25
      20
      18
      22
      17
      14
      22
      14
      23
      24
      17
      14
      17
      22
      15
      25
      16
      17
      24
      21
      22
      20
      18
      22
      21
      16
      14
      20
      26
      26
      16
      14
      15
      11
      16
      23
      26
      23
      21
      19
       9
      16
      15
      21
      17
      19
      25
      23
      10
      23
      24
      24
      17
      20
      17
      23
      22
      19
      17
      17
      18
      18
      19
      19
      14
      31
      22
      20
      23
      19
      18
      21
      25
      17
      18
      18
      21
      33
      19
      15
      21
      23
      24
      18
      19
      22
      16
      30
      17
      22
      15
      26
      35
      25
      21
      21
      25
      16
      21
      21
      14
      16
      15
      17
      27
      17
      17
      24
      31
      21
      26
      29
      33
      23
      23
      21
      19
      14
      23
      27
      31
      24
      26
      33
      30
      25
      19
      25
      23
      24
      67
      71
      70
      63
      71
      56
      50
      59
      62
      58
      57
      69
      58
      57
      57
      60
      39
      48
      47
      37
      36
      46
      52
      59
      51
      45
      35
      37
      34
      35
      40
      36
      30
      41
      41
      49
      72
      86
     138
     225
     380
     628
     859
     963
    1039
    1053
$ROI:
0
$PRESETS:
None
0
0
$ENER_FIT:
0.000000 0.000000
$MCA_CAL:
3
0.000000E+000 0.000000E+000 0.000000E+000
$SHAPE_CAL:
3
0.000000E+000 0.000000E+000 0.000000E+000
