$SPEC_ID:
ThO2
$SPEC_REM:
DET# 2
DETDESC# GAMMARAY MCB 25
AP# Maestro Version 5.34
$DATE_MEA:
01/23/2018 16:18:53
$MEAS_TIM:
9 519
$DATA:
0 2047
       2
       1
     284
     870
     394
     244
     292
     287
     253
     266
     219
     212
     223
     208
     190
     210
     220
     195
     192
     227
     226
     267
     237
     242
     218
     236
     231
     252
     228
     246
     209
     224
     240
     231
     265
     290
     318
     282
     280
     275
     232
     249
     248
     235
     297
     231
     267
     240
     233
     252
     299
     290
     274
     301
     317
     388
     465
     495
     552
     628
     672
     625
     559
     475
     462
     418
     422
     377
     359
     369
     322
     312
     267
     276
     260
     229
     257
     221
     242
     214
     246
     231
     247
     247
     232
     230
     221
     239
     207
     252
     244
     221
     234
     232
     238
     240
     263
     240
     227
     233
     234
     234
     260
     238
     241
     221
     242
     240
     231
     240
     222
     240
     243
     247
     238
     268
     248
     216
     223
     256
     224
     238
     224
     278
     264
     244
     230
     242
     249
     249
     243
     253
     268
     251
     233
     248
     254
     236
     257
     240
     265
     252
     242
     255
     245
     243
     317
     284
     237
     255
     294
     294
     291
     320
     276
     295
     305
     270
     336
     352
     343
     302
     332
     337
     355
     374
     382
     328
     348
     358
     367
     325
     347
     374
     338
     381
     385
     346
     359
     383
     362
     346
     345
     336
     325
     357
     327
     334
     349
     355
     337
     385
     318
     347
     331
     314
     365
     359
     333
     341
     308
     333
     331
     318
     339
     332
     345
     316
     351
     288
     304
     322
     293
     318
     344
     289
     307
     316
     312
     312
     324
     324
     275
     303
     327
     315
     308
     303
     308
     289
     312
     295
     312
     292
     278
     286
     304
     300
     300
     290
     288
     305
     316
     308
     256
     279
     286
     291
     292
     315
     279
     287
     266
     250
     313
     278
     270
     275
     286
     283
     276
     285
     285
     277
     287
     286
     298
     279
     299
     264
     281
     268
     277
     263
     275
     251
     299
     252
     261
     269
     246
     238
     237
     307
     257
     229
     254
     251
     264
     281
     270
     257
     245
     272
     260
     263
     256
     291
     244
     277
     280
     234
     274
     252
     237
     246
     240
     249
     236
     267
     247
     259
     236
     260
     244
     242
     249
     283
     235
     250
     253
     244
     249
     209
     269
     237
     261
     240
     251
     242
     258
     254
     270
     266
     273
     244
     246
     239
     259
     238
     247
     248
     233
     233
     241
     197
     247
     225
     237
     254
     241
     251
     236
     250
     226
     218
     224
     236
     249
     264
     256
     271
     266
     235
     240
     242
     282
     239
     245
     245
     250
     233
     253
     233
     245
     258
     229
     251
     270
     234
     246
     261
     224
     255
     248
     244
     234
     238
     264
     238
     235
     228
     265
     225
     229
     241
     230
     244
     242
     195
     229
     243
     227
     222
     226
     210
     197
     218
     212
     229
     206
     228
     221
     225
     232
     223
     214
     222
     205
     224
     218
     218
     217
     223
     222
     224
     214
     213
     214
     241
     201
     235
     236
     221
     228
     219
     229
     217
     222
     238
     214
     190
     211
     249
     214
     217
     231
     221
     209
     202
     211
     206
     222
     231
     257
     233
     217
     204
     215
     221
     204
     189
     233
     202
     217
     213
     200
     188
     202
     219
     209
     214
     211
     221
     212
     210
     211
     232
     249
     233
     198
     242
     218
     227
     254
     204
     217
     230
     231
     217
     209
     225
     229
     230
     228
     205
     222
     203
     225
     213
     219
     222
     205
     211
     200
     218
     212
     224
     230
     213
     229
     242
     225
     217
     204
     235
     199
     229
     223
     228
     219
     205
     209
     205
     227
     220
     206
     212
     219
     219
     239
     235
     201
     216
     250
     196
     226
     209
     237
     194
     213
     198
     190
     231
     225
     208
     233
     197
     219
     247
     259
     249
     203
     227
     231
     233
     215
     252
     222
     223
     217
     210
     197
     227
     196
     208
     215
     233
     233
     217
     236
     235
     239
     245
     207
     249
     222
     240
     227
     244
     227
     237
     213
     235
     228
     223
     223
     234
     206
     229
     233
     254
     227
     237
     235
     256
     227
     258
     239
     218
     239
     231
     207
     253
     253
     242
     222
     267
     223
     244
     264
     252
     235
     252
     245
     223
     255
     242
     227
     268
     236
     267
     246
     244
     251
     268
     258
     260
     239
     239
     227
     248
     227
     243
     264
     253
     248
     247
     249
     284
     247
     267
     234
     268
     288
     266
     265
     250
     251
     247
     264
     257
     221
     269
     267
     246
     242
     253
     241
     275
     280
     245
     246
     256
     271
     254
     276
     258
     210
     241
     221
     240
     234
     235
     263
     252
     242
     234
     250
     256
     231
     243
     251
     237
     224
     232
     249
     216
     234
     239
     228
     191
     252
     207
     220
     198
     211
     220
     219
     202
     207
     201
     190
     202
     202
     198
     212
     181
     188
     184
     202
     161
     165
     195
     165
     154
     161
     168
     174
     172
     176
     180
     160
     180
     209
     172
     157
     172
     173
     169
     181
     167
     165
     175
     172
     144
     154
     156
     170
     159
     170
     187
     142
     153
     204
     158
     150
     144
     166
     152
     151
     142
     148
     174
     177
     157
     156
     151
     170
     172
     165
     137
     156
     163
     142
     140
     179
     146
     143
     149
     152
     142
     157
     138
     161
     137
     174
     149
     163
     133
     173
     168
     158
     147
     143
     120
     146
     145
     149
     122
     124
     130
     107
     139
     150
     137
     133
     122
     130
     143
     128
     119
     126
     137
     106
     144
     136
     155
     121
     141
     131
     123
     144
     137
     127
     144
     143
     157
     145
     160
     173
     181
     199
     177
     191
     200
     249
     236
     247
     277
     311
     297
     299
     355
     401
     399
     411
     463
     502
     520
     517
     514
     537
     571
     630
     679
     644
     725
     716
     699
     744
     750
     755
     765
     881
     849
     883
     965
     882
     872
     901
     840
     894
     905
     863
     919
     842
     812
     870
     857
     859
     800
     776
     773
     770
     728
     687
     747
     678
     655
     613
     573
     558
     556
     502
     429
     463
     420
     416
     354
     345
     320
     313
     316
     263
     280
     219
     220
     223
     176
     170
     172
     171
     137
     157
     128
     114
     102
     107
      96
      85
      87
      60
      76
      62
      43
      55
      62
      58
      48
      54
      55
      52
      60
      47
      51
      61
      77
      57
      78
      63
      70
      82
     100
      86
     109
     115
     116
     128
     144
     160
     147
     137
     179
     178
     197
     212
     229
     239
     277
     289
     330
     364
     344
     352
     350
     355
     391
     426
     483
     470
     499
     529
     530
     554
     573
     585
     604
     603
     681
     645
     642
     645
     673
     722
     716
     679
     746
     751
     716
     739
     711
     691
     697
     772
     681
     706
     681
     671
     662
     622
     659
     601
     585
     567
     585
     567
     551
     524
     447
     443
     444
     446
     414
     432
     392
     412
     349
     333
     292
     298
     260
     261
     267
     240
     208
     201
     176
     171
     154
     162
     107
     139
     121
      96
     107
      95
      79
      75
      78
      72
      92
      61
      61
      52
      45
      39
      43
      38
      40
      38
      34
      44
      22
      26
      19
      44
      35
      28
      23
      24
      21
      20
      21
      16
      12
      24
      19
      17
      16
      18
      14
      16
      21
      12
      21
      20
      10
      18
      12
      17
      23
      17
      17
      16
      14
      16
      21
      18
      16
      14
      20
      16
      15
      16
      18
      21
      13
      12
      13
      11
      15
      17
      11
      14
      13
      13
      18
      23
      18
      18
      10
       9
      12
      10
      16
      15
      16
      13
      16
      29
      16
      11
      11
      12
       9
      11
       8
       6
      14
      11
      13
      10
      13
      14
      14
      15
      17
       3
      11
       9
      17
      10
      13
      11
      15
       8
       8
      12
       8
       7
      11
      11
      18
       6
      14
      10
       9
      12
      12
      12
       8
       9
       9
      15
       9
       8
       3
      10
       7
      10
       4
       9
      17
      10
       9
      12
      10
      16
      11
      10
       8
      14
      11
      13
      16
      15
       9
       9
      12
       8
       6
      15
      11
       6
       6
      11
      11
       9
      16
       8
      15
      15
      15
       8
       9
       5
      13
      17
      16
       9
      10
      14
       3
       7
      10
      11
      13
      13
       4
       8
       8
       7
      13
       7
      14
       7
       8
      18
       9
       8
       7
      19
      13
       4
       9
       8
      15
      15
      11
       9
      10
      10
      16
       9
       9
       9
      13
       7
       7
       6
      12
       5
      10
       7
       6
      12
      11
       8
      11
       7
       9
       9
      13
       2
      13
       6
       5
       7
       9
       8
      14
       9
      11
       4
       8
      10
      10
       8
      10
       5
      12
      13
       9
       8
       3
       4
       2
       8
      10
       5
       7
       5
       8
      10
       9
      11
       7
      15
      13
      10
      10
       4
      13
      14
      13
       6
       9
       8
       8
       9
       7
       6
       6
       7
       8
       5
       7
      14
      12
       4
      12
       6
      10
      10
      12
       9
      12
      13
       8
       6
      11
      10
       7
       9
       8
       5
       7
       6
       5
      13
      12
      15
       5
       6
       8
       9
      14
       8
       5
       5
      12
      11
       6
      10
      11
       5
       6
       8
      13
       6
       5
       8
       7
       7
       4
       1
       7
      14
      10
       7
       6
      11
      14
      14
       4
       5
       8
      12
       5
       8
       9
       6
       9
       8
       8
      11
       5
       6
       6
       4
       8
      11
       9
       6
      10
       8
       9
       6
       7
       8
      11
       2
      11
       9
       6
      10
       5
       7
       8
      11
       7
       7
       8
      10
      10
       8
       4
       4
      10
      11
       3
       7
       9
       9
       6
      12
       8
       7
       7
       7
       4
       7
      10
       7
       8
       6
       8
      13
       7
      12
      10
       4
       7
       6
       9
       4
       5
       7
       5
       8
       4
       9
       6
       5
       6
      10
       6
       7
       4
       4
      10
       6
       6
       7
       5
      12
       6
      13
       6
       7
      10
       6
      10
       5
       8
       7
       6
       8
       4
       6
       7
       6
       5
       7
       4
      12
       4
       7
       9
       5
      11
       8
       7
       3
       5
      11
       7
       5
       5
       4
      10
       3
       8
       5
       9
       9
       3
       7
       9
       6
       9
      10
       6
       6
       8
       3
       6
      12
       7
       6
       7
      11
       8
       5
       5
       5
       4
       3
       7
       4
       5
       5
       5
       4
       5
       8
      11
       6
       7
       4
       7
       3
       6
       6
       7
       4
       6
       8
       1
       9
       9
       4
       7
       6
       4
       6
       7
       5
      11
       9
       7
       6
       4
       4
       8
       5
       3
      10
       6
       5
       3
       3
       7
       8
       5
      13
       6
      11
       9
      10
       7
       5
       6
       8
       7
       8
      11
       6
       6
       7
      13
       6
       6
      13
       8
       4
       8
       3
       8
       5
      13
       7
       7
       7
      10
       7
      10
       8
       8
      12
       3
       7
       4
       5
       5
      10
       8
       4
       5
       5
       7
       6
       9
       7
       6
       8
       7
       9
       4
       4
       8
      10
      10
       6
       7
      10
       9
       8
       9
       7
       4
      10
       4
      17
       3
       6
       6
       1
       7
       4
      11
       5
       5
      10
       9
       5
       1
       8
       6
       5
       7
       9
       7
       3
       6
       5
      10
       7
       7
       9
      10
      11
       5
       5
       4
       5
       7
       9
       7
      10
       5
       8
       6
       7
       8
       9
      10
       8
       2
       4
       3
       4
      10
       7
       6
       6
       7
       8
       9
       7
       7
       3
       2
       7
       8
       5
       4
       6
       5
       8
       6
       9
       4
       3
       6
       4
       9
       6
       4
       7
       7
       4
       3
       2
       7
       4
       4
       2
       5
       2
       6
       3
       3
       1
       6
       2
       4
       4
       4
       5
       5
       7
       1
       3
       1
       3
       5
       3
       4
       2
       2
       1
       2
       4
       1
       6
       5
       2
       2
       5
       7
       5
       4
       1
       3
       3
       2
       0
       1
       2
       1
       1
       1
       0
       1
       0
       0
       3
       0
       2
       1
       0
       1
       1
       1
       2
       2
       1
       1
       1
       0
       1
       1
       3
       0
       2
       2
       1
       0
       1
       2
       1
       2
       0
       0
       2
       0
       0
       1
       1
       0
       1
       3
       0
       1
       3
       1
       3
       0
       0
       3
       1
       2
       3
       2
       3
       1
       1
       1
       0
       0
       2
       3
       1
       7
       6
       1
       1
       6
       0
       0
       3
       6
       8
       3
       3
       3
       3
       5
       6
       9
       4
       6
       3
       7
      10
      12
       5
      11
       8
       8
       7
      11
      11
      15
      10
       8
       8
       9
      14
       8
      10
      13
       8
       8
      12
       9
      15
      10
      23
      17
      13
      22
      15
      13
      18
      14
      16
      20
      17
      21
      18
      18
      22
      20
      14
      20
      17
       9
      12
      11
      19
      19
      19
      23
      14
      15
      11
      15
      13
      15
      10
      14
      12
       9
      10
      15
      10
       9
       9
      15
      10
       7
       6
       3
       8
       4
       3
       4
       5
       2
       4
       3
       9
       4
       7
       7
       2
       4
       6
       2
       4
       3
       2
       2
       1
       3
       3
       1
       2
       2
       1
       2
       1
       0
       0
       1
       3
       2
       1
       2
       1
       0
       0
       0
       1
       0
       0
       0
       0
       1
       1
       1
       3
       0
       1
       0
       0
       0
       0
       0
       0
       0
       0
       1
       1
       0
       0
       1
       0
       0
       0
       1
       0
       0
       1
       0
       0
       0
       2
       0
       0
       0
       0
       1
       0
       0
       0
       1
       0
       0
      16
      14
      10
      23
      20
      18
       9
      17
      13
      19
      24
      12
      21
      16
      18
       6
      23
      15
      13
      18
      17
      17
      16
      19
      22
       8
      20
      12
      15
      22
      12
      17
      20
      16
      13
       8
      19
      20
      22
      14
      24
      13
      21
      18
      23
      18
$ROI:
0
$PRESETS:
Live Time
604800
0
$ENER_FIT:
11.826920 1.331080
$MCA_CAL:
3
1.182692E+001 1.331080E+000 0.000000E+000
$SHAPE_CAL:
3
3.449068E+001 9.898068E-003 0.000000E+000
