$SPEC_ID:
ThO2
$SPEC_REM:
DET# 2
DETDESC# GAMMARAY MCB 25
AP# Maestro Version 5.34
$DATE_MEA:
02/01/2018 16:21:59
$MEAS_TIM:
441 425258
$DATA:
0 2047
      24
     281
   20056
   58529
   60396
   71422
   78207
   79480
   96322
   64549
   34087
   20884
   12843
    8104
    7700
    7469
    7040
    6798
    6501
    6614
    6663
    6650
    6971
    7087
    7296
    7561
    7839
    7473
    7170
    7233
    7151
    7552
    7826
    8149
    8864
    9166
    9534
    9303
    9132
    8894
    8653
    8381
    8405
    8482
    8744
    9360
    9536
    9963
   10280
   10840
   11420
   12070
   13504
   14760
   16770
   19288
   22244
   25053
   27299
   28459
   28051
   27057
   25306
   23301
   22119
   21262
   20942
   21252
   20636
   20106
   19348
   18827
   18015
   17435
   16718
   16286
   16372
   16464
   16855
   16928
   16769
   17093
   17046
   17587
   16961
   17559
   17562
   17554
   18149
   17709
   17576
   17856
   17951
   18222
   18155
   18141
   18467
   18216
   18232
   18050
   18085
   18196
   18261
   18279
   18222
   18065
   17935
   17805
   17795
   17598
   17639
   17491
   17418
   17232
   17192
   17275
   16952
   16964
   16903
   16749
   16997
   16453
   16589
   16250
   16486
   16193
   16163
   16094
   16080
   15756
   15848
   15812
   15671
   15668
   15663
   15352
   15624
   15408
   15318
   15077
   15073
   15020
   15014
   14942
   14716
   14589
   14525
   14551
   14747
   14390
   14218
   14259
   14275
   14195
   14101
   14139
   13943
   13818
   13588
   13473
   13548
   13347
   13509
   13297
   13424
   13237
   13222
   13189
   13192
   13235
   12851
   13145
   13125
   13028
   12807
   12909
   12526
   12873
   12488
   12596
   12604
   12212
   12316
   12299
   12134
   11910
   11907
   11658
   11758
   11643
   11472
   11484
   11461
   11272
   11062
   10969
   10849
   10752
   10882
   10823
   10730
   10690
   10830
   10413
   10489
   10624
   10599
   10387
   10299
   10175
   10145
   10142
   10095
   10262
   10072
   10036
    9924
   10004
    9865
    9739
    9712
    9782
    9525
    9496
    9754
    9484
    9334
    9488
    9292
    9230
    9298
    9036
    8978
    9065
    8996
    8971
    8997
    8957
    8782
    8486
    8826
    8557
    8659
    8513
    8614
    8449
    8579
    8545
    8390
    8572
    8374
    8336
    8280
    8381
    8478
    8423
    8079
    8109
    8187
    8146
    8075
    8084
    8068
    8044
    7984
    7880
    7918
    7834
    7743
    7916
    7757
    7505
    7536
    7595
    7670
    7576
    7411
    7455
    7217
    7448
    7196
    7269
    7206
    7164
    7191
    7039
    7231
    7061
    7035
    7138
    6988
    7110
    7057
    7069
    6920
    6840
    7013
    6958
    7009
    6929
    6823
    6761
    6780
    6811
    6668
    6704
    6640
    6628
    6608
    6632
    6648
    6462
    6467
    6638
    6670
    6610
    6673
    6619
    6641
    6588
    6648
    6511
    6491
    6596
    6399
    6402
    6462
    6436
    6526
    6366
    6435
    6392
    6353
    6215
    6384
    6321
    6142
    6163
    6111
    6268
    6260
    6254
    6197
    6276
    6196
    6154
    6318
    6270
    6419
    6200
    6354
    6462
    6509
    6480
    6518
    6409
    6477
    6620
    6573
    6736
    6748
    6755
    6681
    6728
    6902
    6985
    6967
    7191
    7211
    7346
    7318
    7390
    7252
    7370
    7405
    7410
    7478
    7466
    7370
    7624
    7424
    7413
    7212
    7305
    7029
    6940
    6907
    6752
    6699
    6580
    6580
    6513
    6276
    6288
    6110
    5894
    5937
    5885
    5896
    5622
    5485
    5558
    5384
    5462
    5488
    5293
    5258
    5344
    5352
    5223
    5309
    5244
    5301
    5137
    5091
    5166
    5245
    5127
    5311
    5164
    5183
    5190
    5244
    5243
    5191
    5126
    5367
    5260
    5160
    5097
    5279
    5002
    5144
    5239
    5079
    5059
    5163
    5079
    5051
    5118
    5111
    5210
    5122
    4999
    5018
    5058
    5144
    5123
    5051
    5115
    4990
    5088
    5049
    4885
    4950
    4973
    4973
    4783
    4832
    4773
    4843
    4968
    4859
    4872
    4862
    4762
    4754
    4779
    4745
    4739
    4856
    4900
    4777
    4732
    4791
    4817
    4789
    4706
    4854
    4831
    4596
    4732
    4769
    4706
    4731
    4685
    4649
    4664
    4716
    4712
    4590
    4839
    4677
    4695
    4560
    4626
    4539
    4536
    4463
    4456
    4488
    4471
    4518
    4403
    4264
    4447
    4328
    4344
    4436
    4389
    4254
    4303
    4173
    4265
    4204
    4377
    4346
    4277
    4335
    4283
    4192
    4214
    4213
    4172
    4193
    4205
    4194
    4165
    4030
    4141
    4138
    4136
    4167
    4122
    4074
    4125
    4184
    4171
    4201
    4103
    4178
    4048
    4131
    4126
    4079
    4120
    4035
    4018
    4066
    3953
    4078
    3994
    4007
    3918
    3934
    4013
    3945
    4048
    3967
    3978
    3885
    3979
    3978
    3780
    3833
    3919
    3909
    3989
    3914
    3885
    3838
    3874
    3903
    3930
    3943
    3841
    3887
    3827
    3915
    3889
    3871
    3835
    3841
    3935
    3892
    3789
    3873
    3838
    3838
    3748
    3792
    3778
    3879
    3655
    3754
    3691
    3635
    3704
    3742
    3706
    3590
    3710
    3748
    3673
    3692
    3687
    3720
    3671
    3715
    3630
    3673
    3676
    3704
    3563
    3720
    3570
    3667
    3600
    3610
    3536
    3691
    3623
    3692
    3558
    3671
    3580
    3564
    3520
    3515
    3568
    3527
    3658
    3554
    3662
    3536
    3510
    3424
    3582
    3499
    3515
    3585
    3493
    3410
    3595
    3481
    3593
    3572
    3485
    3473
    3505
    3530
    3495
    3441
    3487
    3561
    3556
    3510
    3464
    3530
    3546
    3576
    3478
    3566
    3474
    3577
    3594
    3385
    3537
    3496
    3506
    3552
    3478
    3597
    3554
    3513
    3501
    3447
    3557
    3504
    3466
    3507
    3483
    3451
    3431
    3332
    3515
    3459
    3547
    3438
    3454
    3443
    3349
    3480
    3378
    3514
    3430
    3423
    3313
    3497
    3433
    3351
    3330
    3257
    3289
    3408
    3342
    3336
    3335
    3378
    3361
    3379
    3269
    3353
    3455
    3270
    3341
    3330
    3236
    3269
    3229
    3209
    3191
    3288
    3366
    3181
    3198
    3157
    3241
    3202
    3257
    3099
    3054
    3092
    3114
    3117
    2968
    3101
    3028
    3034
    3055
    3064
    3040
    3012
    2967
    2957
    3036
    2933
    2883
    2905
    2908
    2934
    2967
    2998
    2961
    2929
    2941
    2859
    2917
    2901
    2795
    2831
    2887
    2891
    2783
    2789
    2911
    2845
    2883
    2769
    2928
    2881
    2827
    2936
    2845
    2775
    2839
    2844
    2831
    2853
    2746
    2798
    2779
    2801
    2783
    2820
    2826
    2805
    2866
    2801
    2747
    2834
    2918
    2850
    2815
    2840
    2890
    2781
    2826
    2789
    2898
    2800
    2748
    2736
    2806
    2851
    2806
    2774
    2796
    2816
    2749
    2862
    2792
    2775
    2802
    2732
    2696
    2718
    2768
    2888
    2861
    2782
    2808
    2742
    2772
    2762
    2749
    2677
    2724
    2823
    2690
    2632
    2787
    2773
    2764
    2856
    2713
    2760
    2652
    2689
    2757
    2732
    2626
    2664
    2604
    2640
    2692
    2625
    2660
    2644
    2525
    2655
    2556
    2637
    2561
    2568
    2576
    2654
    2523
    2503
    2593
    2555
    2504
    2433
    2619
    2409
    2491
    2416
    2436
    2535
    2482
    2446
    2395
    2363
    2366
    2425
    2406
    2410
    2378
    2406
    2326
    2385
    2331
    2392
    2370
    2287
    2260
    2315
    2307
    2256
    2288
    2270
    2285
    2215
    2240
    2225
    2221
    2223
    2187
    2166
    2247
    2188
    2070
    2173
    2118
    2176
    2111
    2106
    2077
    2000
    2014
    2049
    1943
    1936
    2062
    1951
    2051
    1950
    2006
    1954
    1993
    1939
    1858
    1885
    2008
    1869
    1811
    1898
    1846
    1766
    1839
    1808
    1807
    1766
    1799
    1787
    1775
    1746
    1699
    1752
    1771
    1787
    1724
    1711
    1662
    1740
    1655
    1709
    1693
    1701
    1637
    1686
    1669
    1672
    1702
    1650
    1568
    1649
    1614
    1667
    1659
    1576
    1549
    1641
    1589
    1577
    1635
    1597
    1595
    1514
    1518
    1505
    1521
    1637
    1524
    1495
    1481
    1505
    1485
    1584
    1595
    1546
    1502
    1577
    1458
    1490
    1496
    1533
    1494
    1473
    1504
    1523
    1579
    1460
    1446
    1546
    1542
    1467
    1485
    1517
    1498
    1512
    1524
    1570
    1567
    1494
    1573
    1520
    1538
    1594
    1549
    1540
    1617
    1520
    1496
    1646
    1562
    1523
    1672
    1643
    1666
    1682
    1687
    1781
    1756
    1748
    1856
    1726
    1923
    1917
    1842
    1986
    2030
    2098
    2154
    2132
    2143
    2361
    2328
    2350
    2467
    2484
    2556
    2686
    2740
    2847
    2818
    2992
    3018
    3145
    3142
    3309
    3465
    3489
    3521
    3595
    3681
    3711
    3689
    3974
    4004
    4139
    4241
    4202
    4219
    4345
    4382
    4383
    4465
    4467
    4550
    4630
    4695
    4777
    4698
    4703
    4743
    4640
    4768
    4712
    4596
    4692
    4500
    4505
    4437
    4422
    4364
    4315
    4138
    4102
    4047
    3902
    3868
    3768
    3801
    3529
    3504
    3428
    3255
    3238
    3140
    3067
    2998
    2895
    2850
    2675
    2533
    2530
    2343
    2246
    2194
    2179
    2025
    1897
    1824
    1755
    1735
    1674
    1497
    1597
    1428
    1359
    1362
    1260
    1194
    1209
    1129
    1189
    1056
     970
     928
     907
     884
     888
     823
     828
     807
     825
     779
     771
     746
     710
     731
     698
     682
     716
     695
     678
     653
     651
     655
     633
     652
     654
     659
     647
     652
     633
     595
     656
     626
     615
     670
     670
     619
     606
     636
     628
     621
     631
     654
     641
     626
     555
     618
     637
     669
     618
     592
     591
     611
     574
     656
     591
     622
     588
     603
     585
     592
     564
     604
     565
     551
     597
     613
     596
     571
     556
     582
     575
     551
     550
     597
     539
     538
     569
     577
     571
     519
     541
     511
     509
     497
     557
     536
     521
     506
     506
     501
     511
     495
     520
     512
     483
     558
     496
     509
     508
     520
     537
     465
     511
     509
     503
     502
     496
     479
     523
     484
     489
     494
     493
     491
     486
     491
     489
     498
     532
     525
     506
     534
     535
     491
     507
     521
     462
     541
     500
     545
     538
     541
     509
     544
     520
     534
     529
     547
     527
     534
     554
     566
     575
     547
     528
     508
     534
     579
     584
     559
     550
     585
     555
     571
     526
     585
     595
     613
     622
     573
     555
     595
     590
     567
     556
     573
     591
     578
     590
     565
     576
     601
     622
     539
     614
     563
     575
     601
     571
     551
     579
     573
     553
     620
     546
     532
     549
     523
     588
     522
     549
     535
     539
     496
     536
     533
     551
     549
     502
     538
     482
     512
     474
     481
     455
     500
     463
     517
     505
     479
     453
     465
     475
     470
     438
     445
     425
     443
     393
     452
     432
     438
     424
     418
     402
     431
     448
     412
     416
     415
     425
     407
     413
     383
     406
     399
     369
     370
     392
     416
     440
     372
     411
     379
     381
     412
     424
     379
     358
     381
     381
     422
     378
     374
     399
     396
     364
     403
     367
     402
     344
     372
     346
     391
     388
     351
     347
     356
     398
     391
     363
     392
     378
     387
     399
     347
     337
     335
     338
     356
     338
     325
     353
     343
     373
     317
     348
     338
     355
     336
     360
     317
     346
     328
     326
     344
     322
     356
     334
     344
     353
     327
     316
     320
     335
     355
     342
     343
     352
     320
     322
     320
     324
     337
     321
     303
     340
     316
     354
     312
     296
     322
     299
     318
     331
     339
     326
     328
     300
     355
     326
     303
     368
     278
     308
     335
     310
     318
     270
     325
     323
     308
     346
     297
     346
     317
     309
     335
     322
     292
     346
     326
     296
     283
     326
     307
     315
     310
     275
     301
     288
     330
     313
     310
     296
     318
     315
     289
     326
     283
     305
     324
     284
     311
     329
     326
     331
     302
     305
     325
     305
     295
     310
     296
     317
     324
     335
     315
     320
     339
     314
     351
     298
     330
     308
     326
     378
     340
     351
     308
     341
     345
     328
     334
     353
     330
     358
     322
     344
     370
     334
     358
     371
     337
     360
     356
     400
     392
     359
     394
     365
     373
     366
     380
     398
     391
     376
     402
     396
     377
     389
     403
     393
     396
     371
     420
     404
     368
     391
     376
     398
     391
     424
     393
     381
     384
     377
     396
     409
     395
     353
     368
     389
     389
     382
     386
     394
     390
     377
     423
     376
     331
     387
     370
     366
     383
     356
     398
     355
     362
     388
     375
     340
     357
     359
     358
     365
     370
     338
     339
     354
     351
     382
     325
     349
     394
     376
     382
     380
     325
     336
     351
     334
     351
     339
     348
     344
     345
     305
     311
     314
     354
     340
     346
     330
     331
     324
     317
     342
     323
     330
     315
     324
     325
     349
     311
     281
     334
     309
     315
     346
     335
     318
     318
     337
     336
     299
     324
     277
     329
     307
     337
     295
     316
     290
     292
     318
     315
     272
     287
     292
     285
     285
     287
     274
     304
     289
     302
     305
     312
     301
     284
     275
     295
     303
     270
     279
     315
     250
     282
     281
     288
     270
     262
     273
     273
     281
     290
     234
     266
     261
     283
     283
     283
     265
     281
     219
     280
     243
     281
     276
     253
     274
     260
     274
     262
     202
     254
     241
     229
     249
     262
     227
     235
     234
     254
     257
     235
     231
     245
     259
     250
     252
     232
     279
     252
     220
     219
     219
     226
     239
     242
     224
     242
     239
     229
     217
     208
     204
     193
     206
     194
     197
     213
     214
     234
     206
     231
     228
     211
     176
     201
     198
     196
     191
     197
     226
     208
     202
     194
     203
     211
     185
     205
     216
     186
     187
     185
     201
     191
     195
     195
     184
     201
     181
     208
     158
     188
     193
     200
     181
     172
     177
     190
     185
     178
     189
     164
     168
     184
     179
     159
     199
     178
     197
     198
     190
     165
     195
     182
     185
     161
     160
     179
     154
     188
     184
     177
     171
     171
     177
     159
     190
     169
     160
     155
     179
     147
     155
     172
     166
     166
     158
     168
     172
     162
     172
     166
     134
     164
     161
     141
     155
     154
     171
     173
     168
     197
     148
     160
     150
     175
     172
     138
     161
     147
     178
     164
     176
     164
     162
     196
     174
     202
     198
     168
     201
     191
     171
     207
     184
     185
     207
     207
     207
     235
     195
     225
     177
     242
     232
     228
     231
     238
     263
     280
     271
     281
     281
     295
     301
     315
     329
     353
     337
     331
     389
     380
     406
     389
     405
     384
     453
     470
     446
     451
     506
     481
     531
     563
     564
     537
     555
     571
     599
     592
     600
     609
     616
     638
     635
     679
     659
     683
     694
     704
     691
     690
     654
     687
     696
     737
     701
     674
     673
     679
     674
     652
     679
     593
     663
     607
     589
     704
     565
     614
     537
     573
     549
     557
     528
     524
     497
     434
     450
     444
     417
     443
     407
     385
     395
     344
     349
     326
     314
     320
     305
     279
     294
     283
     272
     265
     261
     257
     257
     234
     238
     220
     238
     202
     243
     203
     223
     204
     210
     213
     215
     195
     184
     224
     189
     215
     218
     188
     218
     194
     211
     234
     217
     203
     228
     229
     228
     229
   13655
   13799
   13653
   13658
   13664
   13564
   13764
   13610
   13444
   13688
   13522
   13466
   13551
   13588
   13564
   13749
   13444
   13472
   13427
   13318
   13684
   13523
   13441
   13326
   13511
   13481
   13481
   13505
   13381
   13276
   13452
   13362
   13312
   13356
   13429
   13450
   13216
   13444
   13412
   13166
   13148
   13321
   13106
   13276
   13176
   13275
$ROI:
0
$PRESETS:
None
0
0
$ENER_FIT:
0.000000 0.000000
$MCA_CAL:
3
0.000000E+000 0.000000E+000 0.000000E+000
$SHAPE_CAL:
3
0.000000E+000 0.000000E+000 0.000000E+000
