$SPEC_ID:
ThO2
$SPEC_REM:
DET# 2
DETDESC# GAMMARAY MCB 25
AP# Maestro Version 5.34
$DATE_MEA:
01/23/2018 17:19:20
$MEAS_TIM:
166 163146
$DATA:
0 2047
      22
     417
   10391
   24021
   24218
   27445
   31276
   33418
   36186
   23957
   12546
    7773
    4484
    2976
    2868
    2647
    2652
    2411
    2447
    2335
    2454
    2499
    2495
    2450
    2601
    2812
    2823
    2674
    2648
    2699
    2652
    2701
    2941
    2991
    3199
    3298
    3507
    3503
    3434
    3207
    3150
    3127
    2990
    3120
    3136
    3257
    3522
    3537
    3762
    3830
    4069
    4205
    4513
    5193
    5874
    6759
    7816
    8663
    9733
   10214
   10123
    9820
    9056
    8164
    7724
    7443
    7330
    7237
    7296
    7186
    6743
    6419
    6202
    5904
    5682
    5515
    5560
    5582
    5525
    5645
    5662
    5643
    5741
    5837
    5729
    5965
    5783
    5960
    5991
    5894
    5920
    5992
    6190
    5959
    5966
    6302
    6210
    6020
    6129
    6058
    6038
    5986
    6173
    6101
    6104
    5948
    5996
    6052
    5986
    5986
    5980
    5958
    6035
    5945
    5640
    5871
    5762
    5879
    5836
    5779
    5677
    5650
    5520
    5768
    5462
    5567
    5481
    5456
    5460
    5432
    5517
    5325
    5377
    5218
    5350
    5350
    5245
    5143
    5093
    5174
    5143
    5136
    5242
    5107
    5141
    5182
    5154
    5019
    4990
    5012
    4957
    5044
    4961
    4862
    4837
    4866
    4880
    4810
    4850
    4749
    4757
    4743
    4592
    4719
    4759
    4717
    4690
    4625
    4684
    4546
    4721
    4531
    4470
    4523
    4466
    4550
    4518
    4509
    4412
    4264
    4376
    4463
    4429
    4307
    4322
    4246
    4163
    4132
    4152
    4026
    4137
    4025
    3992
    3938
    3869
    3808
    3887
    3846
    3818
    3648
    3790
    3639
    3740
    3844
    3717
    3634
    3700
    3655
    3744
    3701
    3692
    3528
    3570
    3548
    3521
    3502
    3579
    3537
    3527
    3494
    3429
    3542
    3561
    3524
    3415
    3335
    3349
    3423
    3350
    3322
    3292
    3347
    3240
    3087
    3223
    3170
    3208
    3213
    3193
    3122
    3210
    3151
    3077
    3207
    3040
    3086
    3124
    3075
    3139
    3007
    3079
    3027
    3073
    3012
    2948
    2924
    2991
    2985
    3019
    2947
    2917
    2942
    2904
    2897
    2838
    2798
    2944
    2914
    2800
    2817
    2724
    2760
    2858
    2716
    2713
    2757
    2689
    2699
    2625
    2605
    2642
    2583
    2688
    2632
    2590
    2657
    2626
    2497
    2508
    2581
    2532
    2580
    2520
    2473
    2440
    2558
    2542
    2495
    2423
    2520
    2502
    2492
    2379
    2456
    2443
    2508
    2466
    2493
    2355
    2458
    2554
    2473
    2453
    2443
    2452
    2421
    2428
    2482
    2393
    2387
    2239
    2369
    2332
    2311
    2299
    2313
    2339
    2313
    2332
    2372
    2243
    2315
    2373
    2269
    2401
    2405
    2378
    2259
    2232
    2272
    2315
    2236
    2297
    2280
    2288
    2236
    2207
    2377
    2261
    2283
    2193
    2374
    2338
    2354
    2265
    2362
    2331
    2294
    2399
    2422
    2403
    2457
    2516
    2469
    2607
    2485
    2569
    2538
    2691
    2689
    2714
    2729
    2763
    2787
    2719
    2609
    2702
    2760
    2771
    2778
    2764
    2793
    2793
    2786
    2664
    2678
    2566
    2502
    2468
    2517
    2437
    2446
    2414
    2353
    2264
    2212
    2240
    2206
    2131
    2020
    2088
    2012
    2017
    2053
    1942
    1973
    2089
    1939
    2007
    1951
    1974
    1888
    1900
    1951
    1861
    1888
    1900
    1893
    1970
    1871
    1864
    1905
    1938
    1968
    1914
    1949
    1956
    1902
    1890
    1880
    1857
    1898
    1941
    1948
    1968
    1939
    1907
    1859
    1871
    1897
    1833
    1946
    1841
    1832
    1858
    1831
    1881
    1825
    1895
    1842
    1826
    1829
    1851
    1848
    1785
    1745
    1762
    1897
    1867
    1742
    1817
    1744
    1713
    1826
    1734
    1772
    1761
    1745
    1713
    1809
    1818
    1787
    1835
    1791
    1810
    1756
    1801
    1717
    1781
    1810
    1809
    1731
    1762
    1791
    1727
    1802
    1749
    1796
    1690
    1780
    1707
    1746
    1837
    1725
    1678
    1714
    1724
    1716
    1710
    1694
    1706
    1693
    1695
    1638
    1640
    1561
    1671
    1654
    1595
    1686
    1559
    1633
    1634
    1615
    1630
    1638
    1591
    1573
    1548
    1592
    1596
    1524
    1571
    1550
    1538
    1518
    1511
    1514
    1499
    1565
    1550
    1567
    1571
    1557
    1563
    1538
    1560
    1507
    1486
    1520
    1568
    1540
    1417
    1501
    1541
    1415
    1449
    1468
    1523
    1521
    1506
    1565
    1474
    1399
    1409
    1523
    1440
    1534
    1510
    1495
    1450
    1526
    1444
    1489
    1443
    1460
    1416
    1469
    1415
    1462
    1500
    1437
    1442
    1469
    1443
    1464
    1446
    1374
    1438
    1488
    1493
    1420
    1478
    1439
    1398
    1420
    1431
    1466
    1423
    1438
    1429
    1417
    1334
    1388
    1417
    1414
    1366
    1378
    1473
    1362
    1379
    1377
    1339
    1334
    1386
    1341
    1377
    1332
    1330
    1350
    1336
    1403
    1371
    1353
    1355
    1334
    1302
    1348
    1386
    1374
    1327
    1382
    1350
    1430
    1309
    1371
    1389
    1353
    1363
    1356
    1384
    1293
    1321
    1292
    1309
    1336
    1318
    1303
    1307
    1359
    1349
    1288
    1322
    1259
    1311
    1261
    1282
    1283
    1295
    1250
    1329
    1345
    1325
    1316
    1299
    1308
    1278
    1284
    1373
    1314
    1278
    1340
    1390
    1365
    1323
    1351
    1253
    1338
    1309
    1333
    1271
    1321
    1294
    1300
    1339
    1291
    1317
    1219
    1288
    1325
    1293
    1282
    1302
    1311
    1337
    1294
    1280
    1270
    1295
    1340
    1274
    1273
    1326
    1254
    1270
    1287
    1341
    1352
    1297
    1271
    1192
    1255
    1192
    1185
    1267
    1229
    1276
    1210
    1310
    1197
    1265
    1247
    1197
    1274
    1268
    1257
    1211
    1142
    1175
    1229
    1291
    1207
    1174
    1249
    1219
    1158
    1185
    1251
    1158
    1255
    1189
    1188
    1173
    1160
    1109
    1136
    1106
    1133
    1147
    1134
    1117
    1079
    1089
    1081
    1132
    1129
    1195
    1113
    1108
    1087
    1095
    1071
    1079
    1037
    1164
    1083
    1089
    1067
    1111
    1090
    1102
    1063
    1086
    1107
    1053
    1082
    1022
    1021
    1004
    1031
    1070
    1043
    1053
     990
    1068
    1057
    1052
    1074
    1085
    1056
    1016
    1073
    1047
    1077
    1041
    1046
    1030
     999
    1036
    1048
    1078
    1008
    1040
    1018
    1006
    1080
    1103
    1088
    1020
     999
    1013
    1029
    1038
    1021
    1067
    1073
    1080
    1073
    1061
    1039
    1017
    1031
     988
    1011
    1007
    1042
    1045
    1011
    1048
    1017
    1060
    1037
    1081
    1086
    1072
    1014
    1066
    1040
    1071
    1038
     991
    1058
    1085
    1077
    1042
     983
     991
    1047
     973
     997
    1047
     948
    1048
     939
     987
     961
     955
     977
     959
     950
     952
     973
     988
     958
     923
    1004
     960
     934
     973
     924
     934
     936
     923
     927
     920
     922
     932
     954
     936
     906
     917
     877
     902
     855
     885
     877
     932
     868
     928
     888
     875
     871
     894
     876
     850
     863
     849
     858
     838
     826
     828
     855
     840
     814
     780
     833
     799
     813
     770
     814
     790
     837
     790
     790
     803
     798
     825
     773
     777
     774
     778
     752
     826
     775
     756
     762
     714
     755
     714
     753
     765
     728
     733
     694
     723
     698
     731
     690
     712
     708
     680
     708
     631
     727
     686
     665
     654
     674
     693
     650
     677
     632
     657
     577
     622
     629
     630
     702
     647
     601
     621
     636
     630
     617
     609
     612
     614
     580
     615
     560
     586
     520
     531
     602
     583
     580
     592
     608
     571
     611
     569
     607
     558
     563
     522
     533
     586
     604
     573
     606
     611
     574
     545
     509
     580
     570
     566
     541
     541
     553
     579
     560
     530
     568
     560
     529
     577
     551
     579
     552
     556
     543
     582
     539
     603
     598
     549
     546
     588
     560
     599
     592
     584
     579
     597
     563
     588
     599
     597
     616
     574
     625
     599
     632
     599
     614
     670
     680
     629
     712
     685
     695
     687
     727
     687
     699
     742
     802
     825
     816
     854
     904
     878
     912
     951
     955
    1017
    1061
    1005
    1152
    1134
    1152
    1226
    1200
    1287
    1291
    1313
    1369
    1423
    1523
    1472
    1480
    1521
    1536
    1584
    1584
    1550
    1636
    1678
    1663
    1716
    1731
    1706
    1779
    1701
    1728
    1692
    1676
    1759
    1757
    1752
    1778
    1729
    1764
    1767
    1694
    1722
    1612
    1682
    1556
    1588
    1531
    1529
    1531
    1507
    1363
    1325
    1349
    1294
    1315
    1245
    1174
    1162
    1130
    1099
    1052
    1015
     993
     898
     881
     836
     809
     842
     825
     735
     706
     684
     664
     600
     575
     594
     518
     547
     514
     461
     451
     453
     416
     402
     391
     393
     374
     367
     351
     349
     322
     309
     291
     256
     287
     292
     294
     244
     241
     268
     259
     274
     260
     230
     236
     261
     227
     251
     238
     210
     222
     216
     240
     222
     193
     226
     227
     236
     198
     225
     202
     205
     225
     207
     249
     214
     221
     221
     227
     204
     235
     218
     212
     232
     223
     237
     229
     215
     204
     218
     209
     195
     243
     210
     216
     219
     181
     203
     208
     218
     209
     219
     216
     199
     197
     196
     189
     181
     187
     195
     200
     226
     217
     204
     203
     193
     185
     189
     167
     206
     182
     167
     215
     196
     191
     195
     186
     203
     190
     195
     190
     184
     180
     183
     183
     183
     182
     181
     175
     181
     184
     157
     170
     158
     181
     193
     153
     179
     163
     184
     188
     164
     192
     168
     154
     179
     178
     182
     169
     162
     189
     177
     172
     179
     167
     202
     195
     202
     189
     190
     175
     187
     182
     192
     169
     182
     178
     171
     210
     191
     199
     196
     185
     208
     191
     176
     193
     220
     183
     204
     189
     208
     213
     212
     203
     192
     220
     215
     217
     202
     225
     205
     214
     196
     217
     235
     241
     208
     213
     205
     217
     181
     217
     235
     188
     213
     210
     201
     210
     214
     169
     214
     188
     185
     185
     186
     184
     188
     189
     177
     162
     186
     181
     191
     178
     158
     202
     176
     169
     194
     183
     178
     177
     140
     172
     168
     174
     162
     166
     156
     150
     163
     155
     162
     175
     135
     161
     148
     148
     142
     162
     139
     140
     148
     168
     144
     133
     146
     152
     136
     159
     128
     169
     161
     146
     125
     140
     140
     139
     125
     145
     133
     114
     140
     138
     128
     125
     149
     152
     141
     107
     133
     139
     133
     139
     108
     144
     139
     119
     133
     141
     109
     111
     128
     113
     127
     128
     142
     122
     118
     103
     120
     147
     124
     111
     134
     117
     130
     113
     109
     134
     122
     141
     137
     104
     123
     144
     114
     125
     135
     110
     114
     125
     119
     124
     113
     141
     118
     120
     104
     120
     116
     102
     119
     121
     120
     109
     104
     108
     114
     106
     104
     127
     129
      95
      96
     113
     114
     121
     125
     115
     117
     105
     108
     115
     104
     104
     105
     105
      96
      94
     116
     100
     119
     108
     112
     118
      97
     106
     108
     108
     103
     116
     121
     102
     101
      97
     124
      94
     102
     124
      94
     101
      97
      93
     118
     109
     119
     118
     103
     128
     118
     119
     110
     105
     115
     114
      90
     105
     104
     120
     102
     106
     100
     117
     107
     113
     129
     115
     112
     116
     121
     113
     119
     107
     112
     112
     115
      97
     139
     100
     111
     121
     117
     125
     153
     113
     107
     122
     113
     113
     131
     120
     124
     132
     129
     125
     145
     145
     114
     122
     137
     152
     141
     139
     113
     135
     133
     127
     150
     141
     143
     159
     144
     151
     140
     124
     133
     152
     132
     131
     142
     143
     139
     124
     132
     127
     125
     148
     135
     162
     143
     145
     138
     129
     134
     142
     147
     116
     125
     123
     127
     119
     132
     128
     137
     144
     123
     130
     136
     126
     114
     137
     131
     123
     152
     123
     127
     126
     139
     139
     138
     116
     116
     134
     117
     119
     136
     122
     114
     135
     131
     121
     121
     140
     124
     103
     111
     125
     109
     116
     108
     135
     119
     114
     123
     133
     125
     117
     106
     117
     125
     116
     103
     122
     116
     122
     132
     129
     108
     124
     112
     110
     139
     104
     120
     115
     109
     119
     126
     119
     107
     108
     127
     102
     120
     116
      94
      98
     128
      95
     130
      92
     107
     115
     113
     115
     111
     104
     120
     109
     111
     101
      84
     107
      95
     106
      82
      93
     115
      96
      82
     117
     100
     111
      98
      93
      86
     114
      82
     102
      94
      98
      83
     102
      98
      90
      84
      98
      88
     103
      78
      79
      80
      78
      81
      78
      96
      96
      92
      96
      95
      97
      84
      80
      98
      97
      96
      93
      87
      92
      88
      93
      96
      83
      89
      92
      86
      70
      76
     102
      78
      81
      82
      80
      67
      92
      67
      88
      90
      73
      72
      83
      80
      87
      89
      66
      66
      75
      79
      85
      82
      79
      62
      64
      89
      71
      77
      72
      81
      76
      71
      65
      54
      57
      79
      71
      78
      82
      53
      75
      62
      71
      81
      63
      64
      67
      73
      70
      71
      71
      66
      57
      67
      65
      83
      78
      59
      80
      55
      52
      69
      72
      66
      56
      62
      69
      62
      57
      82
      58
      54
      62
      66
      73
      58
      46
      61
      75
      66
      56
      64
      53
      66
      54
      48
      51
      60
      54
      63
      58
      55
      64
      58
      52
      50
      65
      65
      42
      58
      57
      50
      43
      59
      66
      44
      61
      63
      60
      57
      50
      51
      43
      55
      50
      49
      62
      55
      56
      46
      66
      47
      52
      60
      52
      58
      63
      55
      57
      59
      58
      57
      53
      57
      60
      59
      65
      56
      76
      61
      68
      65
      71
      77
      84
      66
      85
      78
      85
      97
      87
     104
      89
     111
     106
      96
     104
     134
     117
     130
     105
     126
     124
     142
     148
     139
     138
     161
     156
     178
     148
     184
     177
     185
     182
     197
     185
     229
     188
     213
     228
     242
     225
     223
     232
     214
     223
     243
     256
     262
     259
     258
     231
     252
     235
     242
     290
     251
     250
     265
     261
     237
     247
     247
     254
     245
     251
     254
     224
     199
     225
     214
     213
     201
     213
     182
     188
     172
     195
     151
     166
     152
     171
     166
     142
     122
     135
     134
     129
     103
     110
      89
      91
     100
     112
      94
      98
      92
      89
      82
      69
      70
      64
      65
      79
      71
      68
      55
      74
      66
      65
      65
      73
      64
      69
      56
      86
      71
      71
      79
      72
      51
      65
      66
      76
      76
      64
    5076
    5016
    5012
    5054
    5186
    5101
    5208
    5155
    5012
    5084
    4992
    5048
    5126
    5076
    5002
    5030
    5002
    5094
    5052
    4909
    5018
    4997
    4972
    5051
    5016
    4988
    4992
    4972
    4820
    5030
    5046
    5028
    4923
    4978
    4945
    4944
    4948
    5032
    4938
    4829
    4912
    5092
    4926
    4882
    4836
    4915
$ROI:
4
46 74
351 401
1029 1122
1884 1972
$PRESETS:
Live Time
604800
0
$ENER_FIT:
11.826920 1.331080
$MCA_CAL:
3
1.182692E+001 1.331080E+000 0.000000E+000
$SHAPE_CAL:
3
3.449068E+001 9.898068E-003 0.000000E+000
