$SPEC_ID:
ThO2
$SPEC_REM:
DET# 2
DETDESC# GAMMARAY MCB 25
AP# Maestro Version 5.34
$DATE_MEA:
02/01/2018 15:16:35
$MEAS_TIM:
10 861
$DATA:
0 2047
      11
      14
     200
     791
     757
     720
     744
     779
     851
     771
     817
     785
     872
    1122
    1088
    1008
     941
     872
     818
     804
     854
     928
     960
     974
     982
     935
     954
     917
     960
     976
    1043
    1108
    1359
    1408
    1496
    1688
    1729
    1746
    1703
    1562
    1357
    1220
    1184
    1270
    1278
    1353
    1399
    1536
    1422
    1495
    1584
    1661
    1949
    2308
    2856
    3701
    4769
    5923
    7277
    8519
    8993
    9171
    8493
    7426
    6339
    5586
    5074
    5018
    5009
    4946
    4983
    4813
    4452
    3960
    3557
    2908
    2490
    2104
    1777
    1724
    1556
    1607
    1479
    1415
    1284
    1210
    1127
    1004
     912
     903
     900
     843
     808
     853
     925
     924
     995
     975
    1056
     996
     922
     948
     873
     829
     772
     748
     715
     724
     711
     703
     696
     729
     746
     750
     767
     764
     798
     730
     717
     684
     720
     695
     726
     724
     627
     659
     729
     682
     673
     667
     671
     648
     693
     638
     642
     637
     706
     658
     623
     687
     756
     668
     704
     745
     794
     868
     922
     950
     961
    1027
    1090
    1148
    1101
    1149
    1234
    1189
    1197
    1273
    1262
    1231
    1386
    1458
    1663
    1914
    2068
    2491
    2945
    3277
    3763
    4328
    4566
    4963
    5361
    5522
    5615
    5711
    5593
    5468
    5165
    4888
    4348
    4070
    3548
    3127
    2695
    2397
    2009
    1709
    1433
    1238
    1110
    1032
     911
     879
     894
     876
     821
     823
     844
     821
     773
     880
     806
     809
     815
     776
     779
     786
     720
     745
     686
     748
     698
     695
     684
     667
     694
     628
     652
     666
     663
     699
     596
     640
     665
     676
     698
     700
     665
     693
     712
     739
     788
     838
     846
     830
     998
    1010
    1046
    1152
    1168
    1132
    1207
    1157
    1216
    1177
    1214
    1223
    1177
    1150
    1140
    1069
    1036
     926
     943
     853
     814
     763
     712
     627
     607
     551
     522
     499
     429
     433
     381
     391
     372
     389
     404
     357
     314
     355
     322
     345
     360
     331
     351
     377
     389
     361
     376
     378
     367
     369
     387
     380
     387
     362
     384
     372
     376
     349
     346
     378
     352
     391
     366
     347
     371
     365
     318
     344
     302
     309
     323
     324
     328
     356
     322
     307
     321
     325
     300
     303
     300
     317
     288
     314
     338
     326
     368
     349
     350
     387
     324
     354
     372
     407
     382
     383
     397
     412
     430
     395
     405
     407
     426
     411
     393
     423
     399
     374
     336
     389
     400
     339
     374
     380
     380
     405
     392
     370
     410
     394
     342
     378
     416
     437
     430
     386
     388
     424
     433
     446
     470
     437
     483
     482
     486
     516
     538
     488
     498
     440
     465
     413
     416
     447
     431
     417
     402
     392
     390
     364
     353
     339
     351
     362
     337
     369
     358
     334
     315
     330
     341
     358
     327
     431
     425
     419
     426
     462
     495
     486
     540
     617
     573
     589
     656
     674
     694
     772
     784
     748
     837
     798
     912
     879
     872
     943
     912
     940
     876
     883
     903
     884
     815
     838
     774
     798
     737
     692
     649
     647
     627
     593
     499
     511
     497
     478
     418
     401
     381
     359
     334
     296
     309
     282
     253
     263
     266
     247
     258
     226
     191
     204
     224
     237
     207
     216
     213
     192
     193
     216
     182
     225
     221
     209
     214
     195
     213
     195
     187
     197
     200
     203
     213
     196
     191
     203
     201
     210
     213
     185
     197
     202
     207
     203
     204
     195
     214
     206
     195
     191
     206
     201
     209
     223
     214
     213
     227
     208
     201
     231
     229
     218
     242
     230
     237
     246
     241
     233
     297
     270
     232
     289
     281
     276
     298
     293
     275
     280
     286
     302
     300
     281
     301
     306
     292
     271
     291
     273
     278
     277
     271
     264
     251
     283
     242
     257
     250
     254
     226
     208
     222
     234
     176
     199
     212
     233
     190
     215
     217
     222
     201
     208
     208
     218
     209
     229
     237
     207
     231
     207
     228
     219
     199
     196
     228
     202
     222
     246
     222
     194
     219
     217
     225
     214
     202
     205
     182
     203
     170
     177
     202
     181
     160
     170
     153
     180
     162
     191
     166
     166
     175
     206
     195
     190
     183
     162
     176
     158
     181
     186
     168
     179
     188
     165
     169
     190
     197
     167
     205
     199
     205
     186
     190
     196
     211
     191
     233
     202
     195
     226
     229
     209
     220
     221
     255
     226
     257
     261
     256
     269
     296
     275
     284
     323
     304
     347
     323
     337
     365
     400
     422
     372
     404
     383
     419
     402
     453
     417
     430
     439
     434
     429
     478
     457
     454
     504
     435
     457
     496
     479
     449
     459
     416
     428
     447
     390
     436
     378
     385
     419
     414
     380
     350
     429
     355
     389
     356
     336
     330
     348
     360
     355
     365
     374
     345
     368
     358
     378
     348
     350
     379
     370
     369
     359
     380
     359
     339
     344
     347
     318
     326
     284
     310
     306
     282
     256
     277
     281
     279
     280
     245
     233
     226
     228
     235
     198
     179
     185
     160
     169
     150
     149
     123
     167
     110
     125
     128
     118
     114
     118
      77
     111
     113
      96
     118
      94
      90
      89
      96
      75
      90
      78
      85
      90
      64
      71
      79
      74
      72
      75
      60
      78
      86
      84
      84
      75
      91
      64
      80
      99
      72
      90
      93
      82
      84
      92
      91
      85
      79
      86
      78
      81
      87
      91
      82
      89
      91
      70
      78
      78
      76
      91
      79
     103
      81
      83
      89
     111
      91
      90
      83
      94
      85
      90
      82
      85
      86
      99
      81
      94
      84
      78
      94
      95
      79
      82
      92
      77
      81
      90
      86
      71
      79
      97
      87
      69
      85
      74
      88
      82
      91
      64
      82
      74
      63
      81
      56
      57
      63
      58
      62
      66
      64
      67
      65
      47
      63
      48
      65
      48
      49
      69
      55
      57
      44
      62
      54
      54
      44
      62
      58
      49
      53
      50
      45
      34
      48
      58
      54
      58
      46
      44
      51
      44
      41
      45
      33
      47
      44
      49
      38
      28
      44
      48
      44
      42
      42
      50
      44
      66
      50
      45
      50
      49
      42
      51
      43
      53
      50
      37
      42
      56
      39
      56
      37
      44
      47
      45
      40
      45
      33
      40
      50
      50
      46
      43
      37
      44
      31
      30
      47
      63
      49
      60
      49
      48
      38
      32
      40
      35
      39
      36
      35
      39
      42
      49
      43
      53
      42
      26
      29
      51
      35
      30
      29
      32
      42
      35
      29
      37
      31
      39
      35
      32
      41
      35
      49
      48
      34
      28
      41
      39
      44
      29
      36
      28
      37
      49
      29
      29
      37
      40
      37
      36
      38
      34
      53
      46
      29
      36
      30
      35
      44
      34
      40
      31
      36
      36
      38
      33
      33
      22
      43
      35
      30
      36
      47
      35
      42
      46
      29
      31
      38
      34
      39
      35
      32
      49
      27
      38
      44
      38
      45
      36
      37
      18
      33
      39
      40
      37
      32
      30
      30
      43
      39
      36
      39
      38
      39
      38
      36
      48
      37
      37
      31
      35
      42
      47
      39
      35
      42
      31
      43
      47
      34
      32
      37
      43
      33
      33
      38
      37
      31
      39
      36
      44
      48
      44
      45
      42
      30
      37
      39
      44
      35
      38
      47
      47
      38
      30
      55
      33
      54
      40
      36
      49
      58
      38
      51
      44
      45
      32
      43
      34
      34
      54
      46
      35
      48
      40
      42
      37
      40
      44
      44
      35
      30
      44
      38
      52
      42
      48
      41
      43
      35
      51
      39
      44
      34
      33
      38
      37
      52
      36
      42
      50
      39
      41
      56
      37
      45
      31
      42
      46
      43
      55
      47
      58
      52
      52
      50
      51
      54
      50
      49
      58
      72
      59
      61
      63
      61
      71
      63
      71
      62
      56
      67
      64
      83
      66
      61
      68
      60
      75
      61
      56
      66
      66
      75
      71
      54
      75
      52
      66
      75
      65
      62
      58
      76
      72
      84
      70
      62
      76
      68
      74
      70
      72
      66
      59
      65
      90
      48
      64
      68
      64
      71
      62
      46
      75
      67
      48
      58
      47
      54
      58
      51
      60
      49
      49
      49
      51
      50
      42
      44
      42
      38
      42
      37
      45
      44
      49
      35
      41
      34
      42
      31
      38
      38
      44
      45
      33
      40
      34
      33
      30
      29
      30
      40
      30
      28
      25
      22
      22
      20
      27
      32
      34
      35
      29
      28
      23
      27
      35
      26
      32
      28
      23
      22
      20
      21
      22
      17
      27
      25
      17
      14
      44
      26
      28
      27
      25
      18
      30
      17
      27
      15
      33
      15
      30
      22
      28
      25
      27
      18
      34
      20
      20
      18
      24
      26
      23
      20
      26
      26
      17
      22
      35
      24
      26
      26
      16
      19
      24
      23
      26
      25
      30
      20
      26
      16
      16
      26
      21
      21
      24
      29
      29
      17
      22
      18
      32
      25
      22
      26
      21
      21
      30
      20
      18
      33
      23
      21
      21
      22
      20
      20
      30
      25
      30
      17
      13
      35
      31
      12
      24
      29
      14
      30
      23
      20
      26
      25
      34
      23
      21
      25
      19
      19
      20
      19
      19
      21
      19
      29
      29
      18
      25
      20
      21
      18
      29
      24
      26
      17
      24
      29
      20
      21
      39
      31
      23
      28
      21
      26
      33
      27
      24
      23
      26
      19
      28
      31
      17
      21
      35
      17
      24
      15
      19
      18
      16
      22
      31
      26
      22
      20
      15
      16
      14
      19
      19
      23
      25
      23
      30
      23
      18
      35
      22
      25
      21
      17
      19
      18
      26
      20
      26
      21
      21
      18
      23
      28
      15
      20
      20
      25
      24
      22
      19
      22
      19
      20
      14
      18
      21
      19
      30
      19
      21
      14
      17
      17
      19
      19
      17
      27
      26
      12
      24
      17
      20
      14
      23
      20
      20
      21
      25
      23
      27
      20
      17
      19
      24
      21
      20
      15
      13
      21
      18
      14
      17
      28
      24
      30
      31
      25
      22
      17
      23
      20
      31
      17
      28
      20
      24
      24
      22
      22
      26
      28
      24
      29
      24
      27
      25
      27
      23
      30
      32
      20
      25
      36
      31
      21
      20
      32
      19
      31
      30
      36
      34
      30
      32
      32
      35
      33
      33
      34
      41
      36
      41
      37
      38
      36
      49
      47
      50
      45
      43
      39
      39
      45
      31
      37
      28
      50
      56
      42
      45
      42
      33
      47
      39
      53
      55
      40
      37
      41
      46
      46
      48
      37
      35
      47
      44
      45
      43
      40
      41
      47
      31
      43
      41
      41
      45
      49
      39
      25
      35
      30
      35
      30
      25
      44
      34
      29
      33
      42
      36
      33
      42
      30
      33
      45
      23
      44
      27
      34
      32
      32
      23
      25
      31
      29
      18
      41
      28
      33
      34
      25
      42
      27
      32
      32
      28
      27
      30
      33
      30
      26
      38
      28
      31
      46
      32
      31
      33
      29
      28
      28
      35
      25
      38
      21
      32
      28
      30
      20
      32
      36
      27
      18
      25
      26
      30
      33
      26
      23
      32
      32
      33
      21
      28
      23
      38
      38
      24
      38
      27
      25
      26
      25
      30
      27
      26
      28
      30
      34
      31
      37
      25
      30
      29
      24
      26
      29
      34
      26
      26
      30
      21
      29
      24
      37
      26
      22
      37
      28
      27
      28
      26
      25
      30
      18
      26
      33
      25
      32
      29
      33
      27
      24
      29
      24
      21
      16
      25
      30
      35
      24
      29
      36
      33
      33
      30
      40
      24
      28
      35
      25
      20
      23
      16
      28
      28
      35
      19
      23
      25
      27
      25
      27
      21
      28
      25
      19
      22
      22
      23
      25
      23
      15
      22
      22
      27
      22
      26
      25
      22
      15
      24
      12
      20
      15
      16
      19
      25
      16
      10
      15
      18
      16
      17
      20
      14
      17
      17
      14
      17
      21
      19
      12
      14
      16
      13
      17
      18
      18
      14
      13
      16
      15
      17
       8
      12
      18
      13
      11
       9
      18
      14
      17
      10
      10
      10
      12
       3
      13
      13
      10
      16
      10
       8
      13
      15
      12
      15
      11
      14
       8
      11
      12
      13
      13
       9
       7
      13
      10
      11
       9
      14
      10
       9
       8
       7
       7
       7
      13
       9
      12
      11
       9
      11
      17
      12
       7
      14
       8
      17
      13
      11
      16
      16
      16
       8
      10
      13
       6
       6
      17
      16
      15
      17
      16
      15
      22
      25
      18
      18
      19
      19
      34
      17
      12
      25
      20
      31
      21
      21
      35
      30
      29
      30
      41
      32
      36
      35
      47
      61
      57
      37
      47
      47
      47
      46
      53
      52
      45
      71
      61
      64
      57
      69
      62
      80
      60
      93
      94
      89
      68
      90
      83
      92
      92
     104
      83
      90
     103
     102
     109
     110
     104
     115
      98
     102
     126
     107
     116
      97
     106
      96
     101
     123
     109
     128
     118
      99
      80
     114
      84
      99
      98
     105
      90
      95
      90
      90
      71
     101
      74
      76
      89
      69
      79
      80
      64
      47
      44
      84
      56
      56
      57
      36
      51
      45
      47
      46
      50
      43
      38
      21
      40
      32
      33
      18
      27
      32
      23
      25
      32
      13
      15
      12
      17
      25
      15
      25
      20
      19
      23
      21
      14
      12
      16
      17
      17
      16
      14
      20
      18
      20
      17
      19
      21
      19
      16
      15
      12
      11
      14
      19
      11
      16
      14
      22
      20
      19
      14
      13
      15
      13
      15
      15
      10
      17
      92
      89
     107
      91
      84
      87
      89
      81
     103
      95
      90
      78
      73
      88
      86
      88
      84
      79
      68
      66
      80
      90
      80
      79
      96
      88
      62
      68
      77
      60
      74
      55
      67
      60
      73
      65
      85
      76
      74
      68
      48
      60
      74
      84
      85
      64
$ROI:
0
$PRESETS:
None
0
0
$ENER_FIT:
0.000000 0.000000
$MCA_CAL:
3
0.000000E+000 0.000000E+000 0.000000E+000
$SHAPE_CAL:
3
0.000000E+000 0.000000E+000 0.000000E+000
